AlexNet_BN
Full_acc: 66.310000
title_list:
['INT_2', 'INT_3', 'INT_4', 'INT_5', 'INT_6', 'INT_7', 'INT_8', 'INT_9', 'INT_10', 'INT_11', 'INT_12', 'INT_13', 'INT_14', 'INT_15', 'INT_16', 'POT_2', 'POT_3', 'POT_4', 'POT_5', 'POT_6', 'POT_7', 'POT_8', 'FLOAT_3_E1', 'FLOAT_4_E1', 'FLOAT_4_E2', 'FLOAT_5_E1', 'FLOAT_5_E2', 'FLOAT_5_E3', 'FLOAT_6_E1', 'FLOAT_6_E2', 'FLOAT_6_E3', 'FLOAT_6_E4', 'FLOAT_7_E1', 'FLOAT_7_E2', 'FLOAT_7_E3', 'FLOAT_7_E4', 'FLOAT_7_E5', 'FLOAT_8_E1', 'FLOAT_8_E2', 'FLOAT_8_E3', 'FLOAT_8_E4', 'FLOAT_8_E5', 'FLOAT_8_E6']
js_flops_list:
[241.1384276914563, 99.98147824274622, 19.42161089999079, 4.2483987797795875, 0.9939560702348172, 0.24045008970243287, 0.05912125034451196, 0.014689748820453062, 0.003601008552514204, 0.0008469610059717723, 0.0002395469492320963, 8.695931102907095e-05, 4.090230358090943e-05, 1.1586028240138518e-06, 6.621935138340083e-06, 240.70765382584733, 59.3008317859552, 9.58974223529778, 9.571211753180789, 9.57135100324931, 9.572260706126064, 9.572165888914057, 46.418899415948076, 14.312297969369594, 10.33315582616085, 7.224776908621552, 3.656449895009492, 2.6872992734284935, 5.1396656171000945, 1.961869601983462, 0.6999806409255603, 2.6848463357604007, 4.395753773426759, 1.4168188822971277, 0.17674767655889811, 0.6990753028729249, 2.684888051638414, 4.089754602362963, 1.2107357111816763, 0.04464851748152792, 0.1761601349758236, 0.699069783060451, 2.6848880242881825]
js_flops_wt_log_list:
[445.38678730553505, 184.66749497750308, 35.8720464666592, 7.846864980557503, 1.8358538084654064, 0.44411541530379106, 0.10919795739118272, 0.027132216528500955, 0.006651124192931286, 0.0015643514185366696, 0.00044244729945672455, 0.00016061533010863595, 7.554725208960292e-05, 2.1399591698877653e-06, 1.2230827103113853e-05, 444.59114063115163, 109.52964737535414, 17.71241741168079, 17.678191295269887, 17.67844849252063, 17.680128729244238, 17.679953600237045, 85.73649865371665, 26.435058371092257, 19.085514989050058, 13.344286131148968, 6.753525297783298, 4.963487575909172, 9.49305002500038, 3.6236066043270547, 1.292876178312042, 4.9589569582141335, 8.119032166195442, 2.616888632066397, 0.32645597211495214, 1.291204003493001, 4.959034008152071, 7.553846480019178, 2.2362495013414856, 0.08246657303620343, 0.3253707727935533, 1.29119380830525, 4.959033957635727]
js_flops_wt_cbrt_list:
[995.2650688683347, 412.6595407520374, 80.15997738297519, 17.534670623081663, 4.102414393943586, 0.992424050277442, 0.2440146759644711, 0.060629879739258, 0.014862658180716394, 0.0034957128650431038, 0.0009886964645458246, 0.00035891237041170144, 0.00016881852627162043, 4.781970797738801e-06, 2.733110933249731e-05, 993.4871101036265, 244.75587319875916, 39.58031723776304, 39.50383526955543, 39.504410004699736, 39.50816467584423, 39.507773331088686, 191.5875025241476, 59.07200424469488, 42.64865265734496, 29.819254261366115, 15.091484552709368, 11.091451172024863, 21.213249598311855, 8.097341859702041, 2.8890720051002567, 11.081327015537088, 18.142857710077177, 5.847721393736902, 0.7295012668316512, 2.885335349155654, 11.081499191977821, 16.87988901206384, 4.997141983991121, 0.18428049917859016, 0.7270762712814195, 2.885312566903176, 11.081499079093573]
js_param_list:
[69.3560949829066, 28.5426675012072, 5.522735288295837, 1.207103235392773, 0.2824179558544593, 0.06826091373566213, 0.016624240426034907, 0.004108488795195486, 0.0010013302421040524, 0.00023600544443462334, 6.636711423177611e-05, 2.4026399863847474e-05, 1.153604925500107e-05, 2.785574395615664e-07, 1.6950574832108597e-06, 69.232898547365, 16.888658826263583, 2.7536312354547046, 2.74878463099763, 2.7485373779579456, 2.749323165916103, 2.7487724986785835, 13.31595086878375, 4.123251773604103, 2.942787898195962, 2.0898047525977494, 1.0401807681229005, 0.7715535174760516, 1.4898706490686615, 0.5574576422502738, 0.2008454562539802, 0.7707317586831185, 1.2748800638071396, 0.4022879195280152, 0.05066406130679979, 0.20071430418594033, 0.7709156545819815, 1.1864994537288847, 0.3436921142756107, 0.01276939868000909, 0.05059806805560356, 0.20065317452110798, 0.770915718123234]
ptq_acc_list:
[1.0, 1.17, 9.2, 39.86, 63.26, 65.59, 66.35, 66.38, 66.43, 66.42, 66.37, 66.35, 66.33, 66.3, 66.31, 1.0, 1.57, 24.31, 19.52, 24.83, 21.77, 23.08, 1.85, 14.61, 24.97, 34.6, 52.32, 53.26, 44.05, 59.83, 63.08, 53.26, 53.17, 63.05, 65.34, 62.85, 53.55, 53.1, 63.51, 66.59, 65.16, 62.73, 53.43]
acc_loss_list:
[0.9849193183531896, 0.9823556024732317, 0.8612577288493439, 0.39888402955813607, 0.04599607902277189, 0.010858090785703496, -0.0006032272658722974, -0.0010556477152766277, -0.0018096817976173208, -0.0016588749811491392, -0.0009048408988086604, -0.0006032272658722974, -0.0003016136329361487, 0.0001508068164681815, 0.0, 0.9849193183531896, 0.9763233298145078, 0.6333886291660383, 0.7056250942542603, 0.6255466747096969, 0.6716935605489369, 0.6519378675916152, 0.9721007389534008, 0.7796712411400996, 0.6234353792791435, 0.47820841502035893, 0.21097873623887803, 0.19680289549087623, 0.33569597345800034, 0.09772281707133168, 0.04871060171919776, 0.19680289549087623, 0.19816015683908914, 0.0491630221686021, 0.014628261197406105, 0.05217915849796412, 0.19242949781330124, 0.19921580455436586, 0.042225908611069285, -0.004222590861106939, 0.017342783893832085, 0.05398884029558144, 0.19423917961091844]


