AlexNet
Full_acc: 63.430000
title_list:
['INT_2', 'INT_3', 'INT_4', 'INT_5', 'INT_6', 'INT_7', 'INT_8', 'INT_9', 'INT_10', 'INT_11', 'INT_12', 'INT_13', 'INT_14', 'INT_15', 'INT_16', 'POT_2', 'POT_3', 'POT_4', 'POT_5', 'POT_6', 'POT_7', 'POT_8', 'FLOAT_3_E1', 'FLOAT_4_E1', 'FLOAT_4_E2', 'FLOAT_5_E1', 'FLOAT_5_E2', 'FLOAT_5_E3', 'FLOAT_6_E1', 'FLOAT_6_E2', 'FLOAT_6_E3', 'FLOAT_6_E4', 'FLOAT_7_E1', 'FLOAT_7_E2', 'FLOAT_7_E3', 'FLOAT_7_E4', 'FLOAT_7_E5', 'FLOAT_8_E1', 'FLOAT_8_E2', 'FLOAT_8_E3', 'FLOAT_8_E4', 'FLOAT_8_E5', 'FLOAT_8_E6']
js_flops_list:
[32.80662471491742, 19.26523828551374, 4.849584590989981, 1.0460649099520598, 0.24170127284938484, 0.058772295645415626, 0.014377242624187672, 0.00347165887456444, 0.0007720974983424043, 0.00011322701598531815, 3.0873078161106628e-06, 6.786069409177032e-07, 9.039998308193465e-07, 1.0437515133697176e-06, 3.603692457586344e-05, 32.303368012514916, 12.791516864645015, 1.43887990253494, 1.4346128620973575, 1.4336919250710196, 1.4351721938795325, 1.436032353963674, 7.990586625406007, 2.0190135143560317, 2.2728831352231116, 0.797604178003875, 0.8348188628651314, 0.40246230456662013, 0.48577802808872705, 0.4681184898166976, 0.10263848459243573, 0.4016551899570668, 0.38926690427531274, 0.3475839397146749, 0.025419922222255847, 0.10237432423667726, 0.4016763028910776, 0.3571251216484937, 0.3003118006287682, 0.006486648196178182, 0.025284006630165317, 0.10244492415131133, 0.4016767746332344]
js_flops_wt_log_list:
[60.55787563587672, 35.56177797404382, 8.95186698110082, 1.9309352691539414, 0.44615731576892875, 0.10848800818304534, 0.0265390078494265, 0.0064083485638333606, 0.0014252177628663603, 0.00020900618738575958, 5.698873456271385e-06, 1.252643180785703e-06, 1.668696789301794e-06, 1.926664961441785e-06, 6.652069866158131e-05, 59.62891213957548, 23.611910527667412, 2.6560339855094, 2.648157439037526, 2.646457477813412, 2.6491899117407836, 2.6507776845718816, 14.749854802923602, 3.7269048666847815, 4.195523783192983, 1.4723006416521542, 1.5409953725865306, 0.7429067269145634, 0.8966995436827769, 0.8641017335832122, 0.18946077627355873, 0.7414168709304759, 0.7185492864052002, 0.6416065406661063, 0.0469227328926972, 0.18897316164965394, 0.7414558433771462, 0.6592186453549727, 0.5543467160214665, 0.01197372903099127, 0.04667184577479591, 0.18910348230554175, 0.7414567141678208]
js_flops_wt_cbrt_list:
[135.28911007959496, 79.44666559779789, 19.998887092838274, 4.313799178754134, 0.996736189505954, 0.24236725491567077, 0.05928937758538526, 0.014316548676407583, 0.0031840027541122913, 0.0004669295412964682, 1.2731548295898529e-05, 2.798463113117714e-06, 3.727946220814434e-06, 4.3042591127581355e-06, 0.00014861033398712203, 133.21376243254895, 52.750106060104976, 5.933703427797338, 5.916106856723945, 5.912309064301979, 5.918413448752454, 5.92196060708772, 32.95186149014397, 8.326078771270227, 9.372995221280219, 3.289188094648606, 3.442655317824498, 1.6596881726952752, 2.0032684766397435, 1.9304434530964634, 0.423264184020578, 1.656359765149312, 1.605272517989314, 1.4333788462113763, 0.10482756716443789, 0.42217483027695374, 1.6564468314073717, 1.4727251070398153, 1.2384363404197607, 0.02674986742727353, 0.10426707367692871, 0.4224659726820484, 1.65644877679423]
js_param_list:
[10.633487354669809, 5.6581753167686095, 1.3769097489050328, 0.2948281877502868, 0.06801710994680957, 0.01642581996399826, 0.00394480664498228, 0.0009184215094422542, 0.00019503660111395502, 3.1039601339482914e-05, 1.2021317312487235e-06, 4.781109200724387e-08, 2.3491908263983952e-07, 2.2857143889837285e-07, 1.0081107789685352e-05, 10.499482666951511, 3.655615931956932, 0.4290935794901198, 0.42769394266416566, 0.42775598521919167, 0.42799670478476576, 0.42826653507472656, 2.430364313549843, 0.6463998908180691, 0.6440670431149257, 0.27628641438686263, 0.23562670724262494, 0.11822378333829507, 0.178385483615454, 0.13167158536202225, 0.030551749492768808, 0.11803024064023392, 0.14693848218973501, 0.0973862219274645, 0.007626292573081045, 0.030544545167243798, 0.11810513618955643, 0.13518328139410563, 0.0840129802687004, 0.0018703401130295563, 0.0076815799744418675, 0.030577140777086634, 0.11810482023853337]
ptq_acc_list:
[1.0, 1.05, 15.51, 46.84, 58.16, 61.81, 62.92, 63.32, 63.26, 63.3, 63.4, 63.46, 63.4, 63.44, 63.46, 1.0, 1.48, 23.71, 23.74, 23.91, 24.09, 24.27, 2.01, 15.31, 20.41, 37.76, 44.37, 50.67, 47.77, 55.26, 60.21, 49.56, 51.36, 58.57, 62.23, 59.76, 49.98, 53.6, 58.68, 62.94, 62.41, 59.92, 50.19]
acc_loss_list:
[0.9842345893110516, 0.9834463187766042, 0.7554784802144097, 0.2615481633296547, 0.08308371433075837, 0.025539965316096445, 0.008040359451363676, 0.0017341951757843203, 0.002680119817121263, 0.0020495033895633384, 0.0004729623206684713, -0.0004729623206684713, 0.0004729623206684713, -0.00015765410688945312, -0.0004729623206684713, 0.9842345893110516, 0.9766671921803564, 0.6262021125650323, 0.6257291502443638, 0.6230490304272426, 0.620211256503232, 0.6173734825792211, 0.9683115245152136, 0.7586315623521992, 0.6782279678385621, 0.4046980923853067, 0.30048872773135743, 0.20116664039098214, 0.24688633138893262, 0.12880340532870885, 0.05076462241841398, 0.21866624625571493, 0.19028850701560776, 0.07661989594828944, 0.01891849282673818, 0.05785905722844083, 0.21204477376635666, 0.1549739870723632, 0.07488570077250513, 0.007725051237584771, 0.016080718902727466, 0.055336591518209015, 0.20873403752167746]


