Inception_BN
Full_acc: 77.970000
title_list:
['INT_2', 'INT_3', 'INT_4', 'INT_5', 'INT_6', 'INT_7', 'INT_8', 'INT_9', 'INT_10', 'INT_11', 'INT_12', 'INT_13', 'INT_14', 'INT_15', 'INT_16', 'POT_2', 'POT_3', 'POT_4', 'POT_5', 'POT_6', 'POT_7', 'POT_8', 'FLOAT_3_E1', 'FLOAT_4_E1', 'FLOAT_4_E2', 'FLOAT_5_E1', 'FLOAT_5_E2', 'FLOAT_5_E3', 'FLOAT_6_E1', 'FLOAT_6_E2', 'FLOAT_6_E3', 'FLOAT_6_E4', 'FLOAT_7_E1', 'FLOAT_7_E2', 'FLOAT_7_E3', 'FLOAT_7_E4', 'FLOAT_7_E5', 'FLOAT_8_E1', 'FLOAT_8_E2', 'FLOAT_8_E3', 'FLOAT_8_E4', 'FLOAT_8_E5', 'FLOAT_8_E6']
js_flops_list:
[70.18077844226828, 29.36227542929503, 12.161101101718925, 5.065398765832169, 1.6821996542354316, 0.45803271592311523, 0.11603422763898134, 0.0288871764679315, 0.007208607902993315, 0.00180579208804947, 0.0004463495713655097, 0.00013489078545568422, 4.34243651964441e-05, 4.1922292832075194e-05, 1.0219350463342103e-05, 70.19003219002651, 22.937027525975946, 4.4711333504858635, 4.233725367593571, 4.233461443162384, 4.233666233223974, 4.232194323541173, 23.26242350082805, 9.555320973314766, 5.52811458444971, 4.331244872017863, 1.6915712923382122, 1.2708596966700276, 2.467333263488592, 0.7447567711400319, 0.323998128340025, 1.235048645934723, 1.875071614546571, 0.48111423516727964, 0.08305712734144913, 0.3102554738876757, 1.2350540447475817, 1.6737970608085262, 0.3948749903470355, 0.02521308851508495, 0.07478309123137465, 0.3102657446092667, 1.2443084039786505]
js_flops_wt_log_list:
[222.7996058311718, 93.21503034245619, 38.607273844431205, 16.08088245036336, 5.340399867483631, 1.4540948509056302, 0.36836838739479133, 0.09170675608742397, 0.022884827370496623, 0.005732762935387398, 0.0014170049231493518, 0.00042823141174625385, 0.00013785728320462188, 0.00013308872494494705, 3.24428897145421e-05, 222.8289832675405, 72.8170989999781, 14.194296076757228, 13.440608155596763, 13.439770287158384, 13.440420424503866, 13.435747622286135, 73.85011824748811, 30.334826624873365, 17.549844526420152, 13.750198724821592, 5.3701515647665214, 4.034538313332126, 7.832926490144382, 2.3643441798895544, 1.0285815701456884, 3.9208506603120137, 5.952701379193942, 1.5273706609454798, 0.26367754310914154, 0.984953413504819, 3.9208677996684527, 5.31372455060874, 1.2535909996250503, 0.08004280242585766, 0.23741035108199804, 0.9849860194800286, 3.9502471772511383]
js_flops_wt_cbrt_list:
[802.4828960485347, 335.7432668042923, 139.0562465657799, 57.92035884283493, 19.2351307612407, 5.23738021317789, 1.3267946737450742, 0.33031074241674535, 0.08242690769283896, 0.020648349828030675, 0.005103789166061572, 0.0015424101950049617, 0.0004965363895269067, 0.0004793609262763131, 0.00011685327717337656, 802.5887081307766, 262.273697789369, 51.12522430438173, 48.41058006866456, 48.40756222180424, 48.409903896054, 48.393073328323155, 265.9944417032693, 109.2604245426934, 63.211288046151296, 49.52566793272978, 19.342290861945838, 14.5316594157482, 28.212749797723863, 8.51592962947608, 3.704760222323414, 14.122177555579773, 21.44052734863197, 5.50130610313498, 0.9497176515542196, 3.5476196862806635, 14.12223928836579, 19.13905121272033, 4.5152024936784745, 0.2882993426263779, 0.8551080931110243, 3.5477371269615703, 14.228058362500606]
js_param_list:
[246.70260764269344, 100.62643666806441, 43.72041273286525, 18.753320192360555, 6.289573009569436, 1.7169640898369907, 0.43540581609867723, 0.10845241739328468, 0.027019458716378127, 0.006762965621613173, 0.0016879170485830052, 0.00043371921759512296, 0.00012008073325100211, 4.7503815910586614e-05, 1.2734235943685835e-05, 246.71314287492342, 80.0213016753408, 16.197068144626368, 15.289168263642832, 15.289478810280226, 15.289283379832112, 15.287813473838234, 83.92812042207213, 35.22094818557763, 19.785877569323443, 16.01243214027354, 5.97448938931926, 4.61478017839912, 9.085196111361512, 2.5711981845670953, 1.1758063770231035, 4.478291792506832, 6.883519397315181, 1.6350958915968825, 0.30166172201289365, 1.1234140233672545, 4.4782912558469805, 6.137256566908287, 1.333289400268289, 0.0923696804420931, 0.27017583150520874, 1.1234237332888781, 4.484176731603195]
ptq_acc_list:
[1.0, 0.81, 5.89, 58.69, 74.23, 77.49, 77.78, 77.83, 77.91, 77.96, 77.98, 77.98, 77.98, 77.97, 77.97, 1.0, 1.18, 6.68, 9.12, 4.97, 6.84, 11.72, 1.06, 2.26, 31.69, 9.79, 59.74, 62.0, 12.83, 69.8, 72.8, 53.61, 27.04, 73.54, 76.73, 73.8, 46.95, 30.24, 74.78, 77.77, 76.56, 73.55, 39.05]
acc_loss_list:
[0.9871745543157625, 0.9896113889957676, 0.9244581249198409, 0.24727459279209954, 0.04796716685904829, 0.006156213928434064, 0.002436834680005101, 0.0017955623957932611, 0.0007695267410542809, 0.0001282544568424409, -0.0001282544568424409, -0.0001282544568424409, -0.0001282544568424409, 0.0, 0.0, 0.9871745543157625, 0.9848659740925997, 0.9143260228292932, 0.8830319353597537, 0.9362575349493395, 0.9122739515198153, 0.8496857765807362, 0.9864050275747082, 0.9710144927536232, 0.5935616262665128, 0.8744388867513148, 0.2338078748236501, 0.2048223675772733, 0.8354495318712325, 0.10478389124022063, 0.06630755418750804, 0.31242785686802615, 0.6531999486982173, 0.05681672438117215, 0.01590355264845447, 0.05348210850327051, 0.39784532512504805, 0.6121585225086572, 0.04091317173271768, 0.002565089136847542, 0.01808387841477487, 0.056688469924329896, 0.49916634603052457]


