MobileNetV2
Full_acc: 66.760000
title_list:
['INT_2', 'INT_3', 'INT_4', 'INT_5', 'INT_6', 'INT_7', 'INT_8', 'INT_9', 'INT_10', 'INT_11', 'INT_12', 'INT_13', 'INT_14', 'INT_15', 'INT_16', 'POT_2', 'POT_3', 'POT_4', 'POT_5', 'POT_6', 'POT_7', 'POT_8', 'FLOAT_3_E1', 'FLOAT_4_E1', 'FLOAT_4_E2', 'FLOAT_5_E1', 'FLOAT_5_E2', 'FLOAT_5_E3', 'FLOAT_6_E1', 'FLOAT_6_E2', 'FLOAT_6_E3', 'FLOAT_6_E4', 'FLOAT_7_E1', 'FLOAT_7_E2', 'FLOAT_7_E3', 'FLOAT_7_E4', 'FLOAT_7_E5', 'FLOAT_8_E1', 'FLOAT_8_E2', 'FLOAT_8_E3', 'FLOAT_8_E4', 'FLOAT_8_E5', 'FLOAT_8_E6']
js_flops_list:
[23.04290375294078, 12.195740403207688, 3.0512408587319224, 0.6733236683858506, 0.1585792380855503, 0.03854275118017126, 0.009526560589591077, 0.002406190395999627, 0.0005716111569045701, 0.00015879783539462844, 4.9114381702608734e-05, 3.922291692015658e-05, 7.424914040443347e-06, 1.2573186742079053e-05, 1.2281579872435388e-05, 22.95893605264291, 8.288965407292613, 0.9385526716692725, 0.933877547297082, 0.933937329336115, 0.9335094132829027, 0.9330596314618789, 5.622180924527127, 1.4790523998771123, 1.4828957433589072, 0.6271754101133044, 0.5466238259136381, 0.26010245611104454, 0.40183201303519406, 0.3074738449441434, 0.06722173255693384, 0.2594933168426587, 0.32968148652012863, 0.22800798186071702, 0.016899992162402767, 0.06720311993765539, 0.25961538673717793, 0.30279759385838295, 0.19695360532471415, 0.004261626929233912, 0.01684844599346723, 0.06721579250348103, 0.25961622622699565]
js_flops_wt_log_list:
[42.28940991315112, 22.38219065771204, 5.599779298744056, 1.2357149481632452, 0.2910320016529671, 0.0707354516303456, 0.01748358757885591, 0.004415952654080296, 0.0010490474110574233, 0.00029143318161312456, 9.013700021150835e-05, 7.198372346689528e-05, 1.3626547972980495e-05, 2.3074897753826706e-05, 2.2539727248578296e-05, 42.13530847977999, 15.212295274209568, 1.7224755648358587, 1.713895558900396, 1.714005273682058, 1.7132199422161658, 1.712394481675051, 10.318088218065112, 2.714425833308902, 2.721479316224132, 1.1510215157820676, 1.0031894977388274, 0.4773521385946671, 0.7374608208092391, 0.5642903171331476, 0.12336845363117883, 0.47623421784599934, 0.6050468150068724, 0.41845086503681705, 0.031015652530062825, 0.12333429488562042, 0.4764582462003564, 0.5557082434004782, 0.36145842723432153, 0.007821136174484785, 0.030921052600690235, 0.12335755216849578, 0.476459786871159]
js_flops_wt_cbrt_list:
[94.251017672818, 49.88351106266855, 12.480308870086084, 2.7540557235744374, 0.6486272186696845, 0.15764912103049236, 0.0389659237445771, 0.009841897356733216, 0.002338027091942219, 0.0006495213342317704, 0.0002008896321172774, 0.00016043116247227985, 3.036968395772038e-05, 5.142735735638774e-05, 5.023461513435799e-05, 93.90756958617176, 33.903861833924, 3.838906128880643, 3.8197837459314146, 3.8200282688473557, 3.8182779892851, 3.8164382734742484, 22.996071995039255, 6.049679995823044, 6.06540019490512, 2.5652982495750756, 2.2358228992730407, 1.0638815945467281, 1.643589565279969, 1.2576419666753722, 0.27495305154032246, 1.061390068454123, 1.3484765611818335, 0.9326074768313611, 0.06912503202925661, 0.2748769214515385, 1.0618893636778937, 1.2385149751966922, 0.8055876088887364, 0.01743107897028479, 0.06891419580256407, 0.27492875529324523, 1.0618927973931274]
js_param_list:
[25.8108611712771, 13.863871611607545, 3.4961598229771615, 0.7717539478451231, 0.18164238305161576, 0.044155355562212346, 0.010918187937328976, 0.002759935002440996, 0.0006553540957858193, 0.00018275677197526676, 5.609276171226996e-05, 4.516510795633014e-05, 8.233874491560544e-06, 1.3550136002370482e-05, 1.2972172482835081e-05, 25.759903734262128, 9.459737726699748, 1.0400577346142854, 1.034052150602228, 1.0345227526362717, 1.0343056546267266, 1.0339732857520283, 6.3612540090144085, 1.6581543505644003, 1.6932406337329557, 0.6954004493340186, 0.6252461971116032, 0.2901426123571005, 0.44219841701871376, 0.35239800493850254, 0.07491850844896765, 0.2894406725343766, 0.3616160176519872, 0.26163185985759274, 0.018814230951148023, 0.0748961967013584, 0.28957845173590435, 0.33182338739327644, 0.2260843653483685, 0.004770132536079175, 0.01875459195097388, 0.07490902103458702, 0.2895795470034575]
ptq_acc_list:
[1.0, 0.98, 1.0, 7.46, 36.08, 56.08, 63.09, 66.36, 66.75, 66.91, 66.78, 66.78, 66.76, 66.8, 66.73, 1.0, 0.96, 1.43, 1.59, 1.94, 1.47, 1.16, 0.9, 0.99, 1.88, 2.19, 13.18, 13.15, 3.69, 22.5, 38.98, 13.04, 4.46, 38.58, 58.16, 38.16, 13.4, 5.41, 42.44, 64.31, 57.7, 38.28, 12.39]
acc_loss_list:
[0.9850209706411025, 0.9853205512282803, 0.9850209706411025, 0.8882564409826244, 0.4595566207309767, 0.15997603355302586, 0.05497303774715401, 0.005991611743559102, 0.00014979029358905206, -0.0022468544038345035, -0.00029958058717789124, -0.00029958058717789124, 0.0, -0.0005991611743557825, 0.0004493708807669433, 0.9850209706411025, 0.9856201318154585, 0.9785799880167764, 0.9761833433193529, 0.9709406830437388, 0.9779808268424206, 0.9826243259436789, 0.9865188735769921, 0.9851707609346915, 0.9718394248052726, 0.9671959257040145, 0.8025763930497304, 0.8030257639304973, 0.944727381665668, 0.6629718394248053, 0.41611743559017383, 0.8046734571599761, 0.933193529059317, 0.42210904733373283, 0.128819652486519, 0.42840023966446983, 0.799281006590773, 0.9189634511683643, 0.36428999400838835, 0.03669862192929902, 0.13571000599161176, 0.4266027561414021, 0.8144098262432594]


