ResNet_50
Full_acc: 77.220000
title_list:
['INT_2', 'INT_3', 'INT_4', 'INT_5', 'INT_6', 'INT_7', 'INT_8', 'INT_9', 'INT_10', 'INT_11', 'INT_12', 'INT_13', 'INT_14', 'INT_15', 'INT_16', 'POT_2', 'POT_3', 'POT_4', 'POT_5', 'POT_6', 'POT_7', 'POT_8', 'FLOAT_3_E1', 'FLOAT_4_E1', 'FLOAT_4_E2', 'FLOAT_5_E1', 'FLOAT_5_E2', 'FLOAT_5_E3', 'FLOAT_6_E1', 'FLOAT_6_E2', 'FLOAT_6_E3', 'FLOAT_6_E4', 'FLOAT_7_E1', 'FLOAT_7_E2', 'FLOAT_7_E3', 'FLOAT_7_E4', 'FLOAT_7_E5', 'FLOAT_8_E1', 'FLOAT_8_E2', 'FLOAT_8_E3', 'FLOAT_8_E4', 'FLOAT_8_E5', 'FLOAT_8_E6']
js_flops_list:
[16.230424870213202, 12.204187758693397, 5.29429635921478, 1.4908381553301968, 0.37157801037319915, 0.09192073799491478, 0.022930675380617136, 0.005731395335657435, 0.0014247125738302258, 0.00035592105675043935, 9.548260041071398e-05, 2.870062295469733e-05, 1.1098739056292632e-05, 1.0766992929636802e-05, 8.956828437643308e-06, 16.211792687445943, 9.911577435363476, 0.68758256159107, 0.661879016508269, 0.6619088164187588, 0.6618630686394162, 0.6620601794295361, 7.0007053819521, 1.9351723520873367, 1.8967959925020923, 0.5538402277504298, 0.6782420491659223, 0.1878712898930471, 0.22001917846113037, 0.37781511542137663, 0.04923951600613683, 0.1841581381401746, 0.13399604203141785, 0.2803057866278194, 0.012898884164729169, 0.04784685495564067, 0.18416269296757956, 0.10979746411287197, 0.24261402057227638, 0.0036747320386184604, 0.012081043881936837, 0.04785413704937075, 0.18624724831630168]
js_flops_wt_log_list:
[50.76181173112005, 38.16946791546908, 16.55828958171227, 4.662702693712519, 1.162136737443321, 0.28748866610675383, 0.07171732322759744, 0.017925347815090226, 0.004455890219883035, 0.0011131684979525595, 0.00029862864493101593, 8.976324591884024e-05, 3.471209823116324e-05, 3.367453855182686e-05, 2.801311995806178e-05, 50.703538250213995, 30.999165564402713, 2.1504635165246087, 2.0700738454747736, 2.0701670468208864, 2.070023967377146, 2.070640445435992, 21.8952055430095, 6.052389594816304, 5.932364792276039, 1.732174825674706, 2.1212503975219326, 0.5875808627003773, 0.6881256777680949, 1.1816437284638612, 0.15400009927171776, 0.5759677156807752, 0.4190821813172123, 0.8766763459198321, 0.04034218048802728, 0.14964445247775793, 0.5759819612284456, 0.3433994024445278, 0.7587926584856064, 0.011492986622242065, 0.03778432665528994, 0.14966722774543517, 0.5825015568028737]
js_flops_wt_cbrt_list:
[179.00025255724583, 134.59614942498237, 58.389129858921805, 16.441985250542505, 4.098017041044216, 1.013764916686499, 0.2528952086751361, 0.06320975703297317, 0.015712707004061577, 0.003925341422558433, 0.0010530475773131054, 0.00031653014622368445, 0.0001224045032727016, 0.00011874577955282762, 9.878204454108128e-05, 178.79476407202736, 109.31167103498355, 7.583131875040239, 7.299655558293794, 7.299984212136593, 7.2994796742627095, 7.301653547189349, 77.20857842409859, 21.34240739447029, 20.919166591292463, 6.108129727745521, 7.480118300442819, 2.0719733838162444, 2.426522338565419, 4.166804111486148, 0.5430471396390045, 2.0310222006609986, 1.477800215157279, 3.09140438410335, 0.14225773765359542, 0.5276879188078264, 2.0310724344202726, 1.2109217080582222, 2.6757137477076927, 0.04052746420705786, 0.1332380343283926, 0.5277682307298649, 2.054062339914097]
js_param_list:
[40.049153605609696, 31.39668030594216, 13.77279867201038, 3.7750910178593595, 0.9170836138077584, 0.22357907670487892, 0.055217801968629146, 0.013710141941906864, 0.003432156112417536, 0.0008518860902329481, 0.00023256616362080597, 5.744133253044784e-05, 2.3188684723552593e-05, 1.0295064945079603e-05, 9.884394929287985e-06, 40.04755820488529, 25.65781606298512, 1.671142319907154, 1.6161062312111112, 1.616222272272229, 1.6160775260317466, 1.616476549384266, 17.96723061318741, 4.813296913597177, 4.859380577109968, 1.31499808442326, 1.7503227182262473, 0.4602354426497577, 0.49841330645385123, 0.9844889370734478, 0.1203035827269011, 0.45247572595218377, 0.2932056876912121, 0.7343828456239584, 0.03140441293544373, 0.11739646772009306, 0.45247647003816643, 0.23677366819451418, 0.6369008096290816, 0.00879301422182398, 0.02966711507172892, 0.11739732521037508, 0.4544248629851162]
ptq_acc_list:
[1.0, 0.93, 2.13, 50.78, 74.06, 76.35, 76.92, 77.08, 77.16, 77.23, 77.26, 77.25, 77.22, 77.22, 77.23, 1.0, 1.46, 6.58, 10.99, 11.21, 8.87, 8.82, 1.04, 3.09, 5.61, 39.54, 46.2, 61.59, 57.67, 67.05, 72.0, 60.39, 61.47, 70.72, 76.11, 72.7, 60.55, 63.06, 72.38, 77.06, 76.11, 72.17, 56.86]
acc_loss_list:
[0.987049987049987, 0.9879564879564878, 0.9724164724164724, 0.3423983423983424, 0.04092204092204088, 0.011266511266511325, 0.003885003885003848, 0.0018130018130018204, 0.0007770007770008065, -0.00012950012950019575, -0.000518000518000599, -0.00038850038850040325, 0.0, 0.0, -0.00012950012950019575, 0.987049987049987, 0.9810929810929812, 0.9147889147889148, 0.8576793576793578, 0.8548303548303547, 0.885133385133385, 0.8857808857808859, 0.9865319865319865, 0.9599844599844599, 0.9273504273504274, 0.48795648795648794, 0.40170940170940167, 0.20240870240870235, 0.2531727531727531, 0.13170163170163174, 0.06759906759906759, 0.21794871794871792, 0.20396270396270397, 0.08417508417508418, 0.014374514374514367, 0.058534058534058485, 0.2158767158767159, 0.18337218337218333, 0.06267806267806272, 0.002072002072002028, 0.014374514374514367, 0.06539756539756536, 0.26366226366226364]


