ResNet_18
Full_acc: 75.730000
title_list:
['INT_2', 'INT_3', 'INT_4', 'INT_5', 'INT_6', 'INT_7', 'INT_8', 'INT_9', 'INT_10', 'INT_11', 'INT_12', 'INT_13', 'INT_14', 'INT_15', 'INT_16', 'POT_2', 'POT_3', 'POT_4', 'POT_5', 'POT_6', 'POT_7', 'POT_8', 'FLOAT_3_E1', 'FLOAT_4_E1', 'FLOAT_4_E2', 'FLOAT_5_E1', 'FLOAT_5_E2', 'FLOAT_5_E3', 'FLOAT_6_E1', 'FLOAT_6_E2', 'FLOAT_6_E3', 'FLOAT_6_E4', 'FLOAT_7_E1', 'FLOAT_7_E2', 'FLOAT_7_E3', 'FLOAT_7_E4', 'FLOAT_7_E5', 'FLOAT_8_E1', 'FLOAT_8_E2', 'FLOAT_8_E3', 'FLOAT_8_E4', 'FLOAT_8_E5', 'FLOAT_8_E6']
js_flops_list:
[111.75808501564241, 88.20479725393312, 36.698824971050385, 9.050154929605284, 2.1281321136945013, 0.5159263456723158, 0.12707464239406224, 0.03153296914966042, 0.007850445768696248, 0.0019940126009431384, 0.0004914783771314171, 0.00015001133646329762, 4.143660934511198e-05, 2.3161348426108868e-05, 2.25244912894178e-05, 111.6828586085451, 71.35946902355816, 4.783651268058645, 4.686391020506018, 4.686164626912448, 4.68602988451295, 4.686399080266112, 49.22642273685793, 12.022923911843062, 13.30069209811163, 3.357707074414986, 4.936656244672016, 1.3290554150715084, 1.3956863821050531, 2.833099026495589, 0.34720870462788045, 1.3154295672568588, 0.8951666584316648, 2.1320931144378434, 0.08918929000773806, 0.34205401404885305, 1.3154359528147965, 0.7519163944224915, 1.8546206287353129, 0.02398073576751127, 0.08609101632583506, 0.34206529869278834, 1.3172414550760627]
js_flops_wt_log_list:
[306.8941819928494, 242.21548800967824, 100.77710143308975, 24.852250229958916, 5.843974188655556, 1.4167636623471473, 0.34895433671846743, 0.08659136179397035, 0.02155777930631189, 0.0054756742294235425, 0.0013496281230642772, 0.0004119398286675554, 0.00011378733205517517, 6.360240584014263e-05, 6.185355921321843e-05, 306.68760591679046, 195.95723987543016, 13.136183772694684, 12.869101493064464, 12.868479803128588, 12.868109792686232, 12.869123625633044, 135.17861133847896, 33.01564623777243, 36.52447177148207, 9.220458330419321, 13.556344310807189, 3.6496632380059837, 3.832635737224184, 7.779854210273969, 0.9534552365733172, 3.6122458697820146, 2.458179552273165, 5.854851326384168, 0.24491896219961773, 0.9393001573371668, 3.6122634048943922, 2.0648060206203844, 5.092895790788852, 0.06585249099362203, 0.23641092300885574, 0.9393311456237781, 3.6172214187998737]
js_flops_wt_cbrt_list:
[919.669015715166, 725.8465377294758, 301.9984839066013, 74.47467514332305, 17.51262260837163, 4.245612068599507, 1.0457105745552682, 0.2594881139595929, 0.06460214249386642, 0.016408939055964845, 0.004044427168544208, 0.0012344590383058871, 0.0003409862089678714, 0.00019059716804107867, 0.00018535640379596947, 919.0499697127109, 587.224563034227, 39.365168547799776, 38.56480375877875, 38.562940742126905, 38.56183193277406, 38.5648700833908, 405.0894012656733, 98.93790322619982, 109.45279179120422, 27.630924060258064, 40.62426256522004, 10.936936555763687, 11.485249779449587, 23.31386935232568, 2.8572168858133784, 10.82480802344113, 7.3664204209087405, 17.545218099376743, 0.7339480319680696, 2.8147983958180745, 10.824860570867857, 6.187598957711563, 15.261867881105113, 0.19733999250564907, 0.7084520125341904, 2.8148912583378576, 10.83971823854584]
js_param_list:
[329.83768296470447, 262.1417987881206, 109.55299249322502, 26.93282115565066, 6.316488838356098, 1.5287235827582208, 0.37620206575502757, 0.09333173232737417, 0.02321419905363232, 0.005836263908306144, 0.0014272749789561508, 0.0003676273824454489, 8.131745788957567e-05, 3.453414103245251e-05, 2.0099298974261437e-05, 329.8244057909673, 212.4179431572911, 14.133527084977164, 13.85056402492579, 13.850298724802842, 13.850215263119646, 13.850486422094308, 146.66402164618708, 35.70100773677067, 39.574763597496606, 9.920061084599604, 14.70086921946221, 3.9319568358919845, 4.104552466888791, 8.444664426043065, 1.0270930440949402, 3.8925516097678514, 2.6252280884444676, 6.358440551995419, 0.26367797100700413, 1.0122385924908912, 3.892559286273842, 2.2027063731430716, 5.532037851339746, 0.07087185402434304, 0.25474678164834264, 1.0122448873828584, 3.8940094241892598]
ptq_acc_list:
[1.0, 1.3, 8.17, 54.06, 72.3, 74.86, 75.73, 75.66, 75.72, 75.75, 75.74, 75.75, 75.72, 75.72, 75.75, 1.0, 1.0, 17.57, 12.17, 17.16, 17.58, 16.33, 0.98, 27.12, 16.22, 53.44, 52.97, 59.31, 60.67, 64.39, 71.15, 60.59, 63.83, 68.9, 74.37, 71.45, 59.82, 64.84, 70.03, 75.38, 74.2, 71.33, 42.82]
acc_loss_list:
[0.986795193450416, 0.9828337514855408, 0.8921167304898983, 0.28614815792948634, 0.045292486465073376, 0.011488181698138181, 0.0, 0.0009243364584709809, 0.00013204806549590802, -0.0002640961309916284, -0.00013204806549572037, -0.0002640961309916284, 0.00013204806549590802, 0.00013204806549590802, -0.0002640961309916284, 0.986795193450416, 0.986795193450416, 0.7679915489238083, 0.8392975042915621, 0.7734055196091378, 0.7678595008583124, 0.7843655090452926, 0.9870592895814075, 0.6418856463752806, 0.7858180377657468, 0.29433513799022853, 0.300541397068533, 0.2168229235441701, 0.19886438663673578, 0.14974250627228314, 0.06047801399709492, 0.1999207711607025, 0.15713719794005024, 0.09018882873365902, 0.0179585369074343, 0.05651657203221974, 0.21008847220388224, 0.1438003433249703, 0.0752673973326291, 0.00462168229235453, 0.02020335402086361, 0.058101148818169884, 0.43457018354681104]


