ResNet_152
Full_acc: 77.410000
title_list:
['INT_2', 'INT_3', 'INT_4', 'INT_5', 'INT_6', 'INT_7', 'INT_8', 'INT_9', 'INT_10', 'INT_11', 'INT_12', 'INT_13', 'INT_14', 'INT_15', 'INT_16', 'POT_2', 'POT_3', 'POT_4', 'POT_5', 'POT_6', 'POT_7', 'POT_8', 'FLOAT_3_E1', 'FLOAT_4_E1', 'FLOAT_4_E2', 'FLOAT_5_E1', 'FLOAT_5_E2', 'FLOAT_5_E3', 'FLOAT_6_E1', 'FLOAT_6_E2', 'FLOAT_6_E3', 'FLOAT_6_E4', 'FLOAT_7_E1', 'FLOAT_7_E2', 'FLOAT_7_E3', 'FLOAT_7_E4', 'FLOAT_7_E5', 'FLOAT_8_E1', 'FLOAT_8_E2', 'FLOAT_8_E3', 'FLOAT_8_E4', 'FLOAT_8_E5', 'FLOAT_8_E6']
js_flops_list:
[8.624846585002025, 6.593320189498599, 3.2865562850438548, 1.121692437823039, 0.3256337895358447, 0.08930726037224679, 0.023638846806671138, 0.006031718631730127, 0.0014690428233190406, 0.00032910234437374166, 5.349880408999319e-05, 1.388662438345417e-05, 7.256994415791253e-06, 3.5221448690200414e-06, 5.784124541249686e-06, 8.624407360657392, 5.53942031790266, 0.401196982352419, 0.3600293854527351, 0.3601361834054045, 0.360122642741003, 0.36013362927582715, 4.168566367467982, 1.3818541848223522, 1.1624080711102005, 0.42905497308288926, 0.3976260611096333, 0.10673165272344699, 0.15844890531091957, 0.20604619901271168, 0.028255663289472852, 0.1003812104969247, 0.08276610784675194, 0.14635292068779623, 0.007787948435601907, 0.02593794114616229, 0.10042432327764016, 0.06127605428717364, 0.12453358892161101, 0.0025519256943184214, 0.006475075487039712, 0.02596948038864452, 0.10099312501869116]
js_flops_wt_log_list:
[30.904305390035958, 23.624997692698855, 11.776295162299805, 4.019216493944046, 1.1668017486398081, 0.3200032395811853, 0.08470204467775697, 0.021612682936981643, 0.0052638325326086486, 0.0011792301758490357, 0.0001916953957736358, 4.97581581948668e-05, 2.6003056336027082e-05, 1.2620449487116065e-05, 2.0725510822142925e-05, 30.902731573835574, 19.848693597161958, 1.4375576356036845, 1.2900470713028551, 1.2904297466944459, 1.2903812281702352, 1.2904205948098662, 14.936688645903967, 4.95142067877595, 4.165107595061511, 1.5373775969910952, 1.4247624119990443, 0.3824378275069219, 0.5677496185219855, 0.7382988898397282, 0.10124489040933961, 0.3596831032348983, 0.29656516758089935, 0.524407629873025, 0.027905555703938077, 0.09294009423468376, 0.35983758372661645, 0.2195626178534272, 0.4462252198251433, 0.009143987688666524, 0.0232013066322807, 0.09305310475282284, 0.3618756979746301]
js_flops_wt_cbrt_list:
[134.94036783669262, 103.1560437472783, 51.419942331612795, 17.549482030519133, 5.094715935751651, 1.3972601653082544, 0.3698424837926182, 0.09436948504898007, 0.022983965800764235, 0.005148983343417946, 0.0008370175900033289, 0.00021726371406672975, 0.00011353958429342496, 5.5105852552341056e-05, 9.049574221606752e-05, 134.93349593537314, 86.66721291015962, 6.2769427653064485, 5.632853550055239, 5.634524461517302, 5.634312610533393, 5.634484500785099, 65.21946488369484, 21.619852615216974, 18.18650003174682, 6.712796027078982, 6.221073780128754, 1.6698741637172771, 2.4790184214009114, 3.223703704420286, 0.4420750630372289, 1.5705180764492759, 1.2949203127477373, 2.2897702303398, 0.12184664576188162, 0.4058130524055926, 1.571192599112476, 0.9586968560659233, 1.9483950388552576, 0.039926251265970096, 0.1013060417226291, 0.40630650083275, 1.5800918085543045]
js_param_list:
[19.827877795117903, 15.663340180243965, 7.5804395348947375, 2.321882904040722, 0.609373871793933, 0.15789342226986147, 0.0405012160330352, 0.010238829721414756, 0.0025284544545387047, 0.0005959459808172158, 0.0001226338118733685, 3.138607898364615e-05, 1.012212078064238e-05, 2.220401846451086e-06, 9.187307669841549e-06, 19.82839760777665, 13.120045638457718, 0.8715193165800089, 0.81467755801544, 0.8147589968779452, 0.8147523571261951, 0.8148063147901086, 9.630136751746925, 2.8807522074753673, 2.586014264876044, 0.8159900078582137, 0.9050262871081463, 0.236087797356497, 0.2961045501582039, 0.4903981235828728, 0.06222394170153005, 0.22754289305360137, 0.15906869740711185, 0.3582177899643967, 0.016697198362036113, 0.05906751022155645, 0.2275801112326192, 0.12116151596661229, 0.30827770898137696, 0.0050545028845387875, 0.014876618045174561, 0.05909252817213956, 0.22825845612782902]
ptq_acc_list:
[1.0, 1.06, 2.85, 32.68, 61.79, 75.11, 77.13, 77.26, 77.4, 77.43, 77.4, 77.42, 77.42, 77.41, 77.4, 1.0, 1.3, 5.88, 6.42, 8.98, 7.71, 4.99, 1.0, 2.12, 6.37, 32.12, 40.26, 53.67, 40.49, 54.46, 68.6, 53.02, 52.09, 62.72, 74.53, 68.77, 51.68, 56.72, 65.31, 76.96, 74.72, 68.73, 52.12]
acc_loss_list:
[0.9870817723808294, 0.986306678723679, 0.9631830512853637, 0.5778323214055031, 0.20178271541144552, 0.029711923524092458, 0.0036171037333677966, 0.0019377341428754875, 0.000129182276191589, -0.0002583645523835452, 0.000129182276191589, -0.0001291822761917726, -0.0001291822761917726, 0.0, 0.000129182276191589, 0.9870817723808294, 0.9832063040950781, 0.9240408215992766, 0.9170649786849244, 0.8839943159798475, 0.9004004650561944, 0.9355380441803385, 0.9870817723808294, 0.9726133574473582, 0.9177108900658829, 0.5850665288722388, 0.4799121560521896, 0.3066787236791112, 0.47694096369978034, 0.2964733238599664, 0.11380958532489346, 0.31507557163157207, 0.32708952331740077, 0.18976876372561682, 0.03720449554321142, 0.11161348662963443, 0.3323859966412608, 0.2672781294406407, 0.1563105541919648, 0.005813202428626829, 0.03475003229556902, 0.11213021573440116, 0.32670197648882576]


