VGG_19
Full_acc: 70.450000
title_list:
['INT_2', 'INT_3', 'INT_4', 'INT_5', 'INT_6', 'INT_7', 'INT_8', 'INT_9', 'INT_10', 'INT_11', 'INT_12', 'INT_13', 'INT_14', 'INT_15', 'INT_16', 'POT_2', 'POT_3', 'POT_4', 'POT_5', 'POT_6', 'POT_7', 'POT_8', 'FLOAT_3_E1', 'FLOAT_4_E1', 'FLOAT_4_E2', 'FLOAT_5_E1', 'FLOAT_5_E2', 'FLOAT_5_E3', 'FLOAT_6_E1', 'FLOAT_6_E2', 'FLOAT_6_E3', 'FLOAT_6_E4', 'FLOAT_7_E1', 'FLOAT_7_E2', 'FLOAT_7_E3', 'FLOAT_7_E4', 'FLOAT_7_E5', 'FLOAT_8_E1', 'FLOAT_8_E2', 'FLOAT_8_E3', 'FLOAT_8_E4', 'FLOAT_8_E5', 'FLOAT_8_E6']
js_flops_list:
[12.933096217004081, 8.282459855818454, 2.3511338583732004, 0.5607665105783252, 0.13750860793240308, 0.034055243514816445, 0.008466258330629493, 0.002134299490155856, 0.0005518020792059293, 0.0001387761061248467, 4.1164875592213196e-05, 2.0749240583301132e-05, 1.2657347050655076e-05, 1.619567712066784e-05, 3.111866443620645e-05, 12.766474700217593, 5.913951424122345, 0.5312434033572428, 0.5240513815367216, 0.5250262623839118, 0.524969353101955, 0.5245434967946389, 3.598951343967536, 0.8750073227860701, 1.0683690264640484, 0.2987686569023001, 0.3948113124704691, 0.14247788072680156, 0.15534309310691274, 0.22380186120048573, 0.03708847445554712, 0.1414851885762422, 0.11450165272776922, 0.16679070383810646, 0.009543419974557965, 0.03673265812289985, 0.14151062836765657, 0.10154254677462951, 0.14450689459197366, 0.002492146654501212, 0.009299251796759863, 0.03672766674028512, 0.14268339780267283]
js_flops_wt_log_list:
[33.91026349361435, 21.716408149567414, 6.164615750818413, 1.4703161418612436, 0.3605442230838099, 0.08929201960225876, 0.02219832327692665, 0.005596081315030784, 0.0014468116209941759, 0.0003638675724939018, 0.00010793330186305248, 5.440400377962453e-05, 3.31872558910926e-05, 4.2464671212858927e-05, 8.159238073352639e-05, 33.4733859321139, 15.506236690387817, 1.3929072733104273, 1.3740499671485007, 1.3766060810015497, 1.3764568662494123, 1.3753402813768338, 9.436362826573575, 2.294247902950426, 2.8012375836328856, 0.7833641464655517, 1.0351856517181814, 0.3735735354002334, 0.4073058091257852, 0.5868030328029054, 0.09724507730099655, 0.370970720743272, 0.3002205465190931, 0.43732116583184005, 0.025022614889541793, 0.09631213553724963, 0.3710374232571642, 0.2662420861303997, 0.37889356036917476, 0.006534347870060304, 0.024382411870329482, 0.09629904825352244, 0.3741123961709489]
js_flops_wt_cbrt_list:
[96.7596643074306, 61.965674873360506, 17.590136117515375, 4.195405215270027, 1.0287781455942455, 0.25478616064643805, 0.06334077318118503, 0.015967877972444203, 0.004128337333322346, 0.001038261002410069, 0.00030797726056679467, 0.00015523657442791447, 9.469663188879727e-05, 0.00012116884117563355, 0.00023281598420215054, 95.513076347352, 44.24554993847292, 3.974526479343794, 3.9207189760693337, 3.9280126002665967, 3.927586830371614, 3.9244007631957634, 26.92575065228598, 6.54641498050621, 7.993061106373206, 2.2352539919590195, 2.95380235470544, 1.065956030871699, 1.162207818553189, 1.6743858236101101, 0.27747944326550134, 1.0585291504374177, 0.8566503561628492, 1.2478537422273757, 0.07139961673438815, 0.27481738397788974, 1.0587194796235617, 0.7596960985967759, 1.0811362087018963, 0.01864513103810209, 0.06957285920302152, 0.27478004067678624, 1.0674936180771977]
js_param_list:
[5.441795197362784, 3.615214283911254, 1.1790201233925872, 0.341252094418348, 0.09401382071186312, 0.024464816483120978, 0.006208213391891069, 0.0015985597051018019, 0.0004015855469499279, 0.00011155739733848337, 2.4537871906840675e-05, 2.351879757638181e-05, 6.264552940483891e-06, 1.5177568923359899e-05, 9.624882805967266e-06, 5.45133398076672, 2.650677666315291, 0.2256276208836905, 0.21693865571525875, 0.21749322883768124, 0.21758511964463856, 0.21728026335671044, 1.7035465065053872, 0.4813913827879723, 0.5064766680531055, 0.1623796404313223, 0.17965458985791877, 0.0599836624875662, 0.07432381074360364, 0.09737465344971145, 0.015601066392873146, 0.05887208831188401, 0.04897613855857195, 0.07075391119873932, 0.004133567706307015, 0.015265638217273907, 0.05909795862509216, 0.04153595037687257, 0.06084168404200329, 0.0011923608298122395, 0.0038164235757733693, 0.01519637035247201, 0.061059609830074656]
ptq_acc_list:
[1.0, 0.99, 8.49, 51.4, 68.16, 69.66, 70.64, 70.57, 70.43, 70.44, 70.43, 70.48, 70.43, 70.46, 70.45, 1.0, 1.02, 18.99, 17.97, 21.57, 25.97, 25.82, 1.11, 24.97, 40.24, 49.39, 60.11, 61.9, 56.17, 66.15, 68.72, 62.13, 59.45, 67.82, 70.01, 68.48, 61.86, 60.86, 68.44, 70.47, 69.91, 68.29, 61.0]
acc_loss_list:
[0.985805535841022, 0.9859474804826118, 0.8794889992902768, 0.27040454222853094, 0.03250532292405971, 0.011213626685592707, -0.0026969481902057875, -0.0017033356990772226, 0.0002838892831795035, 0.0001419446415898526, 0.0002838892831795035, -0.00042583392476935606, 0.0002838892831795035, -0.0001419446415896509, 0.0, 0.985805535841022, 0.9855216465578425, 0.7304471256210079, 0.7449254790631654, 0.6938254080908446, 0.6313697657913414, 0.6334989354151881, 0.9842441447835344, 0.6455642299503194, 0.42881476224272536, 0.29893541518807665, 0.14677075940383255, 0.12136266855926195, 0.20269694819020584, 0.06103619588360535, 0.024556422995031992, 0.11809794180269695, 0.15613910574875797, 0.03733144073811227, 0.006245564229950287, 0.02796309439318664, 0.12193044712562105, 0.13612491128459905, 0.028530872959545848, -0.0002838892831795035, 0.007665010645848207, 0.030660042583392427, 0.13413768630234213]


