VGG_16
Full_acc: 71.120000
title_list:
['INT_2', 'INT_3', 'INT_4', 'INT_5', 'INT_6', 'INT_7', 'INT_8', 'INT_9', 'INT_10', 'INT_11', 'INT_12', 'INT_13', 'INT_14', 'INT_15', 'INT_16', 'POT_2', 'POT_3', 'POT_4', 'POT_5', 'POT_6', 'POT_7', 'POT_8', 'FLOAT_3_E1', 'FLOAT_4_E1', 'FLOAT_4_E2', 'FLOAT_5_E1', 'FLOAT_5_E2', 'FLOAT_5_E3', 'FLOAT_6_E1', 'FLOAT_6_E2', 'FLOAT_6_E3', 'FLOAT_6_E4', 'FLOAT_7_E1', 'FLOAT_7_E2', 'FLOAT_7_E3', 'FLOAT_7_E4', 'FLOAT_7_E5', 'FLOAT_8_E1', 'FLOAT_8_E2', 'FLOAT_8_E3', 'FLOAT_8_E4', 'FLOAT_8_E5', 'FLOAT_8_E6']
js_flops_list:
[17.085091741976537, 10.737790353470139, 2.894559789187618, 0.6980086345515658, 0.1735258041248935, 0.04306407130299703, 0.010661987353550572, 0.0026460739045473755, 0.0006612781375472983, 0.00018993777483660915, 6.312506202859814e-05, 1.4584962500067828e-05, 4.039319183628637e-05, 4.244454054819202e-05, 5.737979970726031e-05, 16.659716127015596, 7.51794604216787, 0.6892428468558738, 0.6838481955811394, 0.6799609280072476, 0.6775429548584105, 0.6778664314152565, 4.4673742785800306, 1.0965438484427747, 1.3545090072143018, 0.38027145012718827, 0.49868859247230296, 0.1853740828776368, 0.19811604513819048, 0.2815195242548014, 0.0482649761621508, 0.18411857523338, 0.14729052151548197, 0.20940355467255276, 0.01239995188485554, 0.047822924478066936, 0.18415117919637156, 0.13076871472442161, 0.18109643332552047, 0.003281099053322425, 0.012141069956625443, 0.0478168013309649, 0.18540608661872723]
js_flops_wt_log_list:
[43.11244020026036, 27.09568970938158, 7.304118567348855, 1.7613517077250642, 0.4378741985421196, 0.10866767512103638, 0.026904408775665356, 0.006677090453953316, 0.0016686661442210822, 0.0004792880882983481, 0.00015928948482958638, 3.6803625822056625e-05, 0.00010192799042810856, 0.00010710435412621077, 0.0001447919168911639, 42.039049372770954, 18.97074970779466, 1.739232160253733, 1.7256193225824068, 1.7158102098569499, 1.709708707777862, 1.7105249670010387, 11.272951257514373, 2.767013593307365, 3.4179616624923597, 0.9595751899414768, 1.2583884503640903, 0.46777208945883336, 0.49992509713876426, 0.7103850443378872, 0.12179161399791187, 0.4646039473703128, 0.3716722097136807, 0.5284079456454802, 0.03128998030537321, 0.12067614285597668, 0.4646862200572842, 0.32998116011107315, 0.4569778886843545, 0.008279509929697877, 0.03063671886444535, 0.12066069173535875, 0.46785284754868056]
js_flops_wt_cbrt_list:
[118.50838567942922, 74.48120383383315, 20.077715299966496, 4.841640754422958, 1.2036378400030139, 0.29870799922971936, 0.07395540676550048, 0.018354127185979976, 0.004586864720971276, 0.0013174772143673265, 0.00043785829832819836, 0.00010116658354437908, 0.00028018181167834965, 0.0002944107094791285, 0.0003980070775510936, 115.55782631470767, 52.14719724878091, 4.780838075414054, 4.743418819870842, 4.716455323751353, 4.699683386040251, 4.701927136623268, 30.987326376456235, 7.606025373945598, 9.395365167330555, 2.637700537704877, 3.4590847355790886, 1.2858217936669962, 1.3742046598927844, 1.9527214053354454, 0.33478335944662085, 1.2771131378180203, 1.0216604156590647, 1.4524989151101513, 0.08601055836103007, 0.3317171288252808, 1.2773392907166545, 0.9070591784584807, 1.2561504667242127, 0.022758891666247515, 0.08421485952256556, 0.3316746564587698, 1.286043783209084]
js_param_list:
[9.916218225439012, 6.831230002329063, 2.236457302571373, 0.6336840228224254, 0.1715918605221316, 0.04376155997323663, 0.010956176784660656, 0.0027281584863837905, 0.0006961723657893088, 0.00018288844981070661, 5.6039130730449534e-05, 1.721553433174565e-05, 2.1350037613513175e-05, 1.0913037521762206e-05, 7.180516631236933e-05, 9.914057032541649, 5.028618075456426, 0.40764191231362745, 0.39307882833608027, 0.39338364455575237, 0.3934834575726964, 0.3934762329555188, 3.1764720071659625, 0.8709418556460512, 0.9547245500418231, 0.28441481512852407, 0.3420416262434062, 0.11137141938346057, 0.1255291491963517, 0.1876768559757988, 0.02887925286961113, 0.10935800529406944, 0.08230194805704694, 0.13786717133836088, 0.007533318011244774, 0.028575264180214287, 0.10970283789838954, 0.06959342086207226, 0.11903771558622628, 0.0021533746488378892, 0.007354876507847977, 0.028523505859202897, 0.109801740087647]
ptq_acc_list:
[1.0, 1.04, 14.77, 55.52, 69.06, 70.61, 71.17, 71.09, 71.08, 71.14, 71.11, 71.11, 71.11, 71.12, 71.11, 1.0, 1.4, 26.27, 22.67, 31.1, 26.62, 30.99, 1.09, 18.72, 42.31, 51.42, 62.98, 61.7, 58.27, 67.99, 69.24, 61.62, 61.04, 68.82, 70.56, 68.83, 61.38, 62.45, 69.46, 71.19, 70.7, 68.93, 61.82]
acc_loss_list:
[0.9859392575928009, 0.9853768278965128, 0.7923228346456693, 0.21934758155230596, 0.028965129358830177, 0.007170978627671612, -0.000703037120359915, 0.000421822272215989, 0.0005624296962880519, -0.00028121484814392603, 0.00014060742407206292, 0.00014060742407206292, 0.00014060742407206292, 0.0, 0.00014060742407206292, 0.9859392575928009, 0.9803149606299212, 0.6306242969628797, 0.6812429696287964, 0.562710911136108, 0.6257030371203599, 0.5642575928008999, 0.9846737907761529, 0.7367829021372329, 0.40508998875140606, 0.2769966254218223, 0.11445444319460077, 0.13245219347581555, 0.18068053993250843, 0.044010123734533314, 0.026434195725534442, 0.13357705286839155, 0.14173228346456698, 0.032339707536558085, 0.007874015748031527, 0.03219910011248602, 0.13695163104611927, 0.12190663667041621, 0.023340832395950657, -0.000984251968503841, 0.005905511811023645, 0.030793025871765994, 0.13076490438695168]


