title_list:
INT_2 INT_3 INT_4 INT_5 INT_6 INT_7 INT_8 INT_9 INT_10 INT_11 INT_12 INT_13 INT_14 INT_15 INT_16 POT_2 POT_3 POT_4 POT_5 POT_6 POT_7 POT_8 FLOAT_3_E1 FLOAT_4_E1 FLOAT_4_E2 FLOAT_5_E1 FLOAT_5_E2 FLOAT_5_E3 FLOAT_6_E1 FLOAT_6_E2 FLOAT_6_E3 FLOAT_6_E4 FLOAT_7_E1 FLOAT_7_E2 FLOAT_7_E3 FLOAT_7_E4 FLOAT_7_E5 FLOAT_8_E1 FLOAT_8_E2 FLOAT_8_E3 FLOAT_8_E4 FLOAT_8_E5 FLOAT_8_E6
js_flops_list:
9678.738526193363 2754.445091033171 599.5177886615332 139.45004407102132 33.61972833441705 8.327290718295096 2.0621958796228017 0.507271590567208 0.12638558978042777 0.03172725299824697 0.00787383157101955 0.0019659234261853076 0.0004929713753570182 0.00013082873931775967 6.58462511070724e-05 9678.721786560653 1669.6727215221636 181.2126746364518 179.2569959125805 179.25701832538817 179.2571686197933 179.2571438439814 1252.5642980710986 326.4085549727165 257.15456948396184 140.83288095342002 91.39911193737521 49.66634546455573 91.6028944861708 50.03401260763902 12.92006159573897 49.428214414171954 75.71805318590293 36.69642341667939 3.284018584054309 12.831006283541836 49.4282155693062 69.7655678600058 31.59066644962877 0.8486327021161753 3.2312358866685056 12.83099812618559 49.46498235942715
js_param_list:
6979.995257775382 1676.8544762024308 357.07416358579195 82.21848562208979 19.71659591761924 4.858750496313133 1.204106769484056 0.2970651538514128 0.07389159465364287 0.01847686680473944 0.004583820583860123 0.0011690277325588727 0.0003001505161697722 8.054369623471168e-05 3.8545500662813255e-05 6979.99738972489 1008.874309342299 135.7925378028479 134.79040735180877 134.7905911406337 134.79058895538347 134.79061404359229 841.4093324566583 236.70954280105926 160.0719446844072 112.93571614580846 56.470927826653764 36.93548609003767 78.37733457244148 30.396125541872564 9.673987287874596 36.81191428618332 66.55321174809056 22.060163046203872 2.446769401900793 9.628841768242337 36.811916984902815 61.86831406132784 18.91259887812061 0.6248787079335093 2.4197557895059423 9.62881847680995 36.822419165985735
ptq_acc_list:
10.0 11.13 56.25 87.31 89.42 89.68 89.8 89.82 89.8 89.75 89.77 89.81 89.79 89.8 89.8 10.0 19.8 68.55 69.75 70.61 69.72 67.62 12.29 54.35 78.59 80.14 87.26 87.17 83.65 88.89 89.41 87.03 84.94 89.19 89.78 89.18 87.11 85.27 89.42 89.76 89.81 89.41 74.75
acc_loss_list:
0.888641425389755 0.8760579064587973 0.3736080178173719 0.027728285077950946 0.004231625835189259 0.0013363028953228323 0.0 -0.00022271714922044567 0.0 0.0005567928730511933 0.00033407572383074765 -0.00011135857461030197 0.00011135857461014371 0.0 0.0 0.888641425389755 0.779510022271715 0.23663697104677062 0.22327394209354118 0.2136971046770601 0.2236080178173719 0.2469933184855233 0.8631403118040089 0.39476614699331847 0.12483296213808456 0.10757238307349662 0.02828507795100214 0.029287305122494382 0.06848552338530058 0.010133630289532257 0.004342984409799561 0.03084632516703782 0.05412026726057906 0.006792873051224938 0.00022271714922044567 0.006904231625835082 0.02995545657015588 0.05044543429844099 0.004231625835189259 0.00044543429844089133 -0.00011135857461030197 0.004342984409799561 0.16759465478841867
