AlexNet
Full_acc: 88.630000
title_list:
['INT_2', 'INT_3', 'INT_4', 'INT_5', 'INT_6', 'INT_7', 'INT_8', 'INT_9', 'INT_10', 'INT_11', 'INT_12', 'INT_13', 'INT_14', 'INT_15', 'INT_16', 'POT_2', 'POT_3', 'POT_4', 'POT_5', 'POT_6', 'POT_7', 'POT_8', 'FLOAT_3_E1', 'FLOAT_4_E1', 'FLOAT_4_E2', 'FLOAT_5_E1', 'FLOAT_5_E2', 'FLOAT_5_E3', 'FLOAT_6_E1', 'FLOAT_6_E2', 'FLOAT_6_E3', 'FLOAT_6_E4', 'FLOAT_7_E1', 'FLOAT_7_E2', 'FLOAT_7_E3', 'FLOAT_7_E4', 'FLOAT_7_E5', 'FLOAT_8_E1', 'FLOAT_8_E2', 'FLOAT_8_E3', 'FLOAT_8_E4', 'FLOAT_8_E5', 'FLOAT_8_E6']
js_flops_list:
[16.134064351484934, 9.803080945516005, 2.5798806807263825, 0.5670208264725348, 0.13436593638690267, 0.03258542668624173, 0.007852610824269553, 0.0018014206200349513, 0.0003162150510672301, 6.92716001480207e-05, 9.684179880150801e-06, 1.1595438673905888e-07, 7.945963039257542e-07, 1.5685770022075827e-06, 0.0, 16.01436476484219, 6.952820969558956, 0.7167166887613639, 0.7119351064288386, 0.7146290586824979, 0.7120276276007171, 0.7120483250193009, 4.308314078011601, 1.0381514277725061, 1.2567698279608643, 0.39416582491303853, 0.4671888875734605, 0.19757403359526637, 0.23172120832374465, 0.2652704329374882, 0.0509185267481933, 0.19694534563825358, 0.1841072727534976, 0.19769045007362226, 0.012649947461768432, 0.050778713986116, 0.1970719456861238, 0.16609038257453898, 0.1711650729485768, 0.003183632319308628, 0.012617062910949925, 0.05085217397639437, 0.19707866413312908]
js_flops_wt_log_list:
[29.77693314521759, 18.09250785000869, 4.761412430188898, 1.0464902627132961, 0.24798497251680535, 0.060139469559962806, 0.014492731802459045, 0.003324691175181796, 0.0005836046162958227, 0.00012784725296326294, 1.7873064751410352e-05, 2.1400472606308148e-07, 1.4665022094855177e-06, 2.8949563798883818e-06, 0.0, 29.556016300501824, 12.832085001704433, 1.3227680552386436, 1.313943195343322, 1.318915137589619, 1.3141139518675014, 1.3141521509000589, 7.951398821447238, 1.9160060965387782, 2.319486914819017, 0.727470100581621, 0.8622410304309428, 0.36464146054157476, 0.42766328299354595, 0.48958153227246276, 0.09397492992485672, 0.36348115778974827, 0.3397872868794326, 0.3648563181011757, 0.023346667749278273, 0.0937168923232625, 0.36371481008463735, 0.3065354215926674, 0.31590123994497216, 0.00587569286112845, 0.023285976218000038, 0.09385246964412312, 0.36372720961044547]
js_flops_wt_cbrt_list:
[66.51840319691642, 40.41667844505815, 10.636473214803948, 2.3377444848778883, 0.5539712336459476, 0.13434497987851984, 0.0323751735196939, 0.007426995487327126, 0.0013037087125469166, 0.0002855967429135439, 3.992646662773776e-05, 4.780630894688359e-07, 3.2760051138911077e-06, 6.46701508096138e-06, 0.0, 66.02489919238619, 28.665470679527296, 2.9549187757267994, 2.9352050064876867, 2.9463117802241916, 2.935586457836906, 2.9356717902865914, 17.76255298707487, 4.280147503296049, 5.181479404123357, 1.6250884276160402, 1.9261519054168204, 0.8145690349079002, 0.955352875057603, 1.0936714537606507, 0.2099296878109677, 0.8119770458034453, 0.7590475365480169, 0.8150490031339678, 0.05215389546926388, 0.2093532601063716, 0.8124989994070458, 0.6847665160208967, 0.7056887271293883, 0.013125653501376717, 0.05201831724404789, 0.2096561249732598, 0.8125266985879229]
js_param_list:
[4.110435615455709, 2.6180759555986155, 0.6928868501213382, 0.15211415355264937, 0.03600861379914816, 0.008708675296167655, 0.002021576962555789, 0.00045613222041422045, 7.770756870467822e-05, 3.4782638420791655e-05, 2.5772797483716303e-06, 4.235692471765695e-08, 1.1409637429282833e-05, 2.70695872828825e-05, 0.0, 4.111555910135532, 1.8469226254888855, 0.1678692583099073, 0.16668128604242521, 0.1669457541337397, 0.16677503235751284, 0.16686573854576636, 1.1061334469811006, 0.2569252001359494, 0.3323236930888579, 0.09191654990892967, 0.12427202662450998, 0.04625754039946728, 0.051159436500936975, 0.07107262999829092, 0.011936849865612175, 0.04620882915913972, 0.039402812238512885, 0.05317898697834904, 0.0030091857478168147, 0.011968180918548683, 0.04620752119636976, 0.035451652338101006, 0.04611954068644799, 0.0007129095603291375, 0.002958953813729707, 0.01198034544585294, 0.04631816751034479]
ptq_acc_list:
[10.0, 10.07, 56.8, 83.06, 87.31, 88.19, 88.66, 88.49, 88.67, 88.67, 88.64, 88.62, 88.63, 88.64, 88.62, 10.0, 14.35, 69.55, 70.05, 70.34, 69.65, 70.2, 23.93, 67.71, 67.14, 79.55, 84.03, 84.79, 83.3, 87.06, 88.01, 85.19, 84.89, 87.49, 88.63, 88.02, 85.03, 85.91, 87.84, 88.71, 88.54, 88.0, 85.21]
acc_loss_list:
[0.8871713866636579, 0.8863815863703036, 0.35913347624957687, 0.06284553762834247, 0.014893376960397081, 0.004964458986799027, -0.00033848584000903913, 0.001579600586708796, -0.00045131445334543896, -0.00045131445334543896, -0.00011282861333639983, 0.00011282861333623949, 0.0, -0.00011282861333639983, 0.00011282861333623949, 0.8871713866636579, 0.8380909398623492, 0.2152769942457407, 0.2096355635789236, 0.20636353379216962, 0.21414870811237718, 0.2079431343788784, 0.7300011282861333, 0.2360374590996277, 0.24246869005979912, 0.1024483809093986, 0.0519011621347173, 0.043326187521155246, 0.06013765090827032, 0.017714092293805633, 0.006995374026853102, 0.038813042987701656, 0.04219790138779189, 0.012862461920343005, 0.0, 0.006882545413516862, 0.04061830080108309, 0.03068938282748504, 0.008913460453570936, -0.0009026289066907176, 0.001015457520026957, 0.007108202640189501, 0.03858738576102902]


