AlexNet_BN
Full_acc: 90.140000
title_list:
['INT_2', 'INT_3', 'INT_4', 'INT_5', 'INT_6', 'INT_7', 'INT_8', 'INT_9', 'INT_10', 'INT_11', 'INT_12', 'INT_13', 'INT_14', 'INT_15', 'INT_16', 'POT_2', 'POT_3', 'POT_4', 'POT_5', 'POT_6', 'POT_7', 'POT_8', 'FLOAT_3_E1', 'FLOAT_4_E1', 'FLOAT_4_E2', 'FLOAT_5_E1', 'FLOAT_5_E2', 'FLOAT_5_E3', 'FLOAT_6_E1', 'FLOAT_6_E2', 'FLOAT_6_E3', 'FLOAT_6_E4', 'FLOAT_7_E1', 'FLOAT_7_E2', 'FLOAT_7_E3', 'FLOAT_7_E4', 'FLOAT_7_E5', 'FLOAT_8_E1', 'FLOAT_8_E2', 'FLOAT_8_E3', 'FLOAT_8_E4', 'FLOAT_8_E5', 'FLOAT_8_E6']
js_flops_list:
[129.5632809293304, 63.91782325281653, 13.416712728751037, 2.920907552518548, 0.6862891592953664, 0.16581168442674293, 0.040531296185229805, 0.009538300129160873, 0.0018645872176961651, 7.766948420581876e-05, 5.4083427000152004e-05, 1.4807942822291448e-05, 3.7134854647260264e-05, 1.7350501366308888e-08, 1.9435654536586355e-05, 129.4265988239714, 39.99630282031915, 5.162327959855199, 5.145162687613236, 5.146356356056539, 5.1463004531161625, 5.1466908388526775, 26.85518625091552, 7.402168766954119, 6.97771328797255, 3.3635156759931935, 2.520031279406507, 1.4570953805417208, 2.253481546269108, 1.391032559450782, 0.3753237383602544, 1.4550462880254835, 1.8839926307821282, 1.0208799909895032, 0.09454382183390929, 0.3746936069209011, 1.4554437659578396, 1.74061611055598, 0.8778935424903659, 0.023484665753534216, 0.09407697570154169, 0.3749941970027924, 1.4554437457886777]
js_flops_wt_log_list:
[239.26557052810506, 118.03756695418507, 24.776753125040646, 5.394063865937431, 1.2673758033005071, 0.3062057937250771, 0.07484947615128858, 0.017614456857701688, 0.0034433484644837377, 0.0001434328717043312, 9.987630696358105e-05, 2.734594911698515e-05, 6.857723978525448e-05, 3.204131277458857e-08, 3.58919821876073e-05, 239.01315856628122, 73.86149952885403, 9.53331326366811, 9.501614015032349, 9.503818372309038, 9.503715135891841, 9.504436064424242, 49.59369208524899, 13.669645600720976, 12.885800196268002, 6.211431907437539, 4.653762373806726, 2.6908299561304028, 4.1615228016395145, 2.568831204125649, 0.6931134172226585, 2.6870458802221227, 3.4791845995371484, 1.8852674286479463, 0.1745948490092372, 0.6919497483400621, 2.687779905970586, 3.2144100070277535, 1.6212131847870317, 0.04336932431686495, 0.17373272043848342, 0.6925048505026727, 2.68777986872403]
js_flops_wt_cbrt_list:
[534.6275121931167, 263.749316822964, 55.36247381612953, 12.05277858779172, 2.8318908200488986, 0.6842022500647543, 0.16724758658505331, 0.03935866421433108, 0.007693998008646585, 0.0003204939147606846, 0.00022316884707281035, 6.110321979340532e-05, 0.00015323257340593775, 7.159478607085111e-08, 8.01989233230953e-05, 534.0635096962268, 165.03999991643525, 21.301734060036175, 21.23090359997825, 21.23582913123718, 21.235598454383958, 21.237209334824865, 110.81474096538965, 30.54417149924457, 28.792706306815326, 13.879148514768039, 10.39861019182436, 6.012531272282353, 9.29872433156496, 5.739930876283026, 1.5487288919150721, 6.004075935042113, 7.774072144210402, 4.212540203641092, 0.39012386764010776, 1.5461287292659038, 6.005716080588003, 7.182445938347171, 3.6225235824957904, 0.09690668788595468, 0.38819748244412927, 1.5473690785880172, 6.0057159973623495]
js_param_list:
[36.759534463320726, 18.13745281968715, 3.806673814006264, 0.8287388043320857, 0.19462808316219096, 0.04699609089246882, 0.011453273265140763, 0.0026919390034946533, 0.0005254148223667485, 2.1769278082333976e-05, 1.4501728680342828e-05, 3.352003308381146e-06, 9.417038242733876e-06, 2.999740900122561e-10, 4.641088806572213e-06, 36.73241494803418, 11.344235549515417, 1.4616139412820612, 1.4571897381462697, 1.4575153880062297, 1.457484752859762, 1.457611889119609, 7.617841173316666, 2.099910215271149, 1.9783228519470004, 0.9540300630137106, 0.7146220926588001, 0.41208680428748734, 0.6392469460225422, 0.3943444750039264, 0.10617885590492321, 0.4115579668357343, 0.5343759382953008, 0.28945540778254714, 0.02660113971284551, 0.10616542858231626, 0.4117781257561503, 0.4936858946415845, 0.24889073908249335, 0.006604708170802468, 0.026651549591417394, 0.10621597545076181, 0.4117778645202598]
ptq_acc_list:
[10.0, 12.43, 51.07, 76.42, 88.85, 89.84, 90.11, 90.06, 90.12, 90.11, 90.16, 90.14, 90.13, 90.13, 90.13, 10.0, 18.85, 71.18, 69.78, 71.07, 67.47, 65.35, 23.77, 67.99, 73.63, 82.79, 85.66, 87.83, 85.33, 87.98, 89.38, 88.05, 86.81, 88.68, 89.94, 89.44, 87.83, 87.04, 88.97, 90.1, 89.78, 89.43, 87.79]
acc_loss_list:
[0.889061459951187, 0.8621033947193256, 0.43343687597071223, 0.15220767694697138, 0.014311071666296941, 0.003328156201464357, 0.0003328156201464515, 0.0008875083203904847, 0.00022187708009758177, 0.0003328156201464515, -0.00022187708009758177, 0.0, 0.0001109385400488697, 0.0001109385400488697, 0.0001109385400488697, 0.889061459951187, 0.7908808520079875, 0.2103394719325493, 0.22587086753938318, 0.2115597958730864, 0.251497670290659, 0.2750166407810074, 0.7362990903039717, 0.24572886620812076, 0.18315952962059026, 0.08153982693587745, 0.04970046594186825, 0.02562680275127582, 0.053361437763479055, 0.02396272465054356, 0.00843132904370984, 0.023186154870201946, 0.0369425338362547, 0.016197026847126622, 0.0022187708009762906, 0.007765697803416938, 0.02562680275127582, 0.034390947415131955, 0.012979809185711134, 0.0004437541601953212, 0.0039937874417572605, 0.007876636343465651, 0.02607055691147098]


