Inception_BN
Full_acc: 94.830000
title_list:
['INT_2', 'INT_3', 'INT_4', 'INT_5', 'INT_6', 'INT_7', 'INT_8', 'INT_9', 'INT_10', 'INT_11', 'INT_12', 'INT_13', 'INT_14', 'INT_15', 'INT_16', 'POT_2', 'POT_3', 'POT_4', 'POT_5', 'POT_6', 'POT_7', 'POT_8', 'FLOAT_3_E1', 'FLOAT_4_E1', 'FLOAT_4_E2', 'FLOAT_5_E1', 'FLOAT_5_E2', 'FLOAT_5_E3', 'FLOAT_6_E1', 'FLOAT_6_E2', 'FLOAT_6_E3', 'FLOAT_6_E4', 'FLOAT_7_E1', 'FLOAT_7_E2', 'FLOAT_7_E3', 'FLOAT_7_E4', 'FLOAT_7_E5', 'FLOAT_8_E1', 'FLOAT_8_E2', 'FLOAT_8_E3', 'FLOAT_8_E4', 'FLOAT_8_E5', 'FLOAT_8_E6']
js_flops_list:
[6.113248686239302, 3.764291730695215, 1.2273413109260587, 0.3167888219320939, 0.07969457696563005, 0.01970450334396353, 0.004871218829937093, 0.001183148165746224, 0.00029042342437181855, 7.24095354551304e-05, 1.7601770787312008e-05, 2.7202899449706604e-05, 1.495770654424544e-05, 8.577113022936626e-06, 2.177044284867923e-05, 6.118561499111071, 2.772135571636355, 0.2556906139158136, 0.25094002577961333, 0.2509444914539089, 0.2518256066410849, 0.25083778784403044, 1.8783781939787385, 0.5031133984499222, 0.518643254519312, 0.17766229471348774, 0.18815315001956281, 0.07009551975633653, 0.09368101696460907, 0.10506705155177981, 0.01826264326837488, 0.06941806017783317, 0.06982901798266375, 0.07785436955092967, 0.004692887032668605, 0.017943409832527922, 0.0694242399513946, 0.06219218659454411, 0.067285345156737, 0.001260196623730233, 0.00451446593527846, 0.017954262015044287, 0.07213500494430332]
js_flops_wt_log_list:
[19.40744214974005, 11.95031933882503, 3.8963825475316494, 1.0056945252645246, 0.25300261309342176, 0.06255495700643283, 0.01546442857028373, 0.0037560846547887443, 0.0009219935416847589, 0.00022987513555570486, 5.587951117655057e-05, 8.635976131050368e-05, 4.74855251846151e-05, 2.722935600168197e-05, 6.911359767041957e-05, 19.424308486078264, 8.800567995683062, 0.8117289272024263, 0.7966474592035733, 0.7966616361690461, 0.7994588709782346, 0.7963228892535891, 5.963198620895848, 1.5972103665853983, 1.6465122678705368, 0.564016104007569, 0.5973209273353428, 0.22252893910388685, 0.2974047042061225, 0.33355141095843566, 0.05797755185882371, 0.22037824014603383, 0.22168288849793003, 0.24716059344440758, 0.014898287028105372, 0.0569640965331131, 0.22039785878156587, 0.19743860023498577, 0.21360761040100576, 0.0040006867588086945, 0.014331861989044426, 0.05699854844488611, 0.22900359649674132]
js_flops_wt_cbrt_list:
[69.90201047760932, 43.042835897079485, 14.03404794721903, 3.6223253275680514, 0.9112685316728247, 0.22531136387535944, 0.05570000619399983, 0.013528720934373475, 0.0033208498942762215, 0.0008279676430400681, 0.0002012676449379108, 0.00031105185801373245, 0.00017103406277752095, 9.807509479313954e-05, 0.000248934372248929, 69.96275989581373, 31.698015199359514, 2.9236971846412323, 2.8693765314639834, 2.8694275942666634, 2.8795027157294295, 2.868207490646061, 21.478336468132163, 5.7528557817442305, 5.930432094666331, 2.03148149599949, 2.151439298333795, 0.801508004650656, 1.0711966362751792, 1.2013903761114775, 0.20882439871427963, 0.7937615855230823, 0.7984606871388542, 0.8902266594072794, 0.05366086926354702, 0.2051741204215598, 0.7938322482129894, 0.7111372532157904, 0.7693750317605966, 0.014409732388954927, 0.05162071122985431, 0.2052982098239215, 0.8248285208434767]
js_param_list:
[6.991313494407524, 4.563520311259842, 1.730100873344829, 0.5178502000194385, 0.14109104440127346, 0.03575389135026652, 0.008973823797161662, 0.0022236950592541354, 0.0005452716164764403, 0.0001323646059161847, 3.279936359774982e-05, 3.4568934853126346e-05, 2.6141171889124126e-05, 6.634560903245657e-06, 1.6425160009501393e-05, 6.994022422861251, 3.5140164619769116, 0.29871736184397835, 0.2866335115447693, 0.28699350664588935, 0.28734478542409403, 0.28626051365850613, 2.463102016163771, 0.7263018370697303, 0.6920269760465765, 0.24327092880965767, 0.24335987559893493, 0.0812922909172416, 0.11047689546422382, 0.132003950065328, 0.02133323668622415, 0.07946108170203432, 0.07408133408938296, 0.0965569393768569, 0.005603507470415825, 0.02061485999713829, 0.07946771607462498, 0.06332189527093476, 0.08311185438573757, 0.001634361398031487, 0.005173953535644472, 0.020621452860440773, 0.08165409435089002]
ptq_acc_list:
[10.0, 9.55, 34.21, 82.41, 93.32, 94.56, 94.73, 94.83, 94.84, 94.82, 94.84, 94.82, 94.83, 94.79, 94.82, 10.0, 10.89, 31.27, 30.05, 26.78, 33.34, 33.21, 9.83, 18.77, 54.81, 57.25, 85.38, 86.4, 76.32, 92.07, 93.64, 87.98, 78.72, 93.16, 94.52, 93.38, 87.85, 82.33, 93.69, 94.86, 94.55, 93.35, 84.06]
acc_loss_list:
[0.8945481387746493, 0.8992934725297902, 0.6392491827480755, 0.1309712116418855, 0.015923231045027998, 0.002847200253084425, 0.0010545186122534465, 0.0, -0.00010545186122540458, 0.00010545186122540458, -0.00010545186122540458, 0.00010545186122540458, 0.0, 0.0004218074449013186, 0.00010545186122540458, 0.8945481387746493, 0.8851629231255932, 0.6702520299483287, 0.6831171570178214, 0.717599915638511, 0.648423494674681, 0.6497943688706106, 0.8963408204154804, 0.802066856480017, 0.4220183486238532, 0.3962880944848676, 0.09965200885795637, 0.0888959190129705, 0.19519139512812406, 0.029104713698196828, 0.012548771485816701, 0.07223452493936512, 0.16988294843403987, 0.017610460824633575, 0.0032690076979858935, 0.015290519877675872, 0.07360539913529478, 0.13181482653168827, 0.012021512179689978, -0.00031635558367606385, 0.0029526521143098295, 0.015606875461351935, 0.11357165453970258]


