MobileNetV2
Full_acc: 90.280000
title_list:
['INT_2', 'INT_3', 'INT_4', 'INT_5', 'INT_6', 'INT_7', 'INT_8', 'INT_9', 'INT_10', 'INT_11', 'INT_12', 'INT_13', 'INT_14', 'INT_15', 'INT_16', 'POT_2', 'POT_3', 'POT_4', 'POT_5', 'POT_6', 'POT_7', 'POT_8', 'FLOAT_3_E1', 'FLOAT_4_E1', 'FLOAT_4_E2', 'FLOAT_5_E1', 'FLOAT_5_E2', 'FLOAT_5_E3', 'FLOAT_6_E1', 'FLOAT_6_E2', 'FLOAT_6_E3', 'FLOAT_6_E4', 'FLOAT_7_E1', 'FLOAT_7_E2', 'FLOAT_7_E3', 'FLOAT_7_E4', 'FLOAT_7_E5', 'FLOAT_8_E1', 'FLOAT_8_E2', 'FLOAT_8_E3', 'FLOAT_8_E4', 'FLOAT_8_E5', 'FLOAT_8_E6']
js_flops_list:
[4.181518320770741, 2.3934210931112023, 0.8299774534186838, 0.2227311420117117, 0.05614742050371703, 0.014290348874781582, 0.0036461960969134915, 0.000919992986083523, 0.00023874379576946226, 4.354552985272698e-05, 2.111792137977542e-05, 7.578662429780003e-06, 1.0082542326278948e-05, 6.938405912729428e-06, 2.554517014849906e-06, 4.124005216043576, 1.7683233451569575, 0.17269766998466235, 0.1685604939603026, 0.16863805065435566, 0.16864278104488645, 0.1686450926024181, 1.2850773503660626, 0.36631267601475503, 0.3312366451478319, 0.1322264829154868, 0.11832443639651827, 0.04694827624094409, 0.07169034199458685, 0.06489754441128845, 0.012182574844289919, 0.04637128062280152, 0.05391533589489863, 0.04761867810804146, 0.003093513338869911, 0.012058348678954865, 0.0464763144196043, 0.04803550849410842, 0.04095358476999055, 0.0008107319199455053, 0.0030124874335516116, 0.012077514806342487, 0.046491362011174764]
js_flops_wt_log_list:
[7.671195559309975, 4.3908455858802204, 1.522633375385822, 0.408610943788798, 0.10300513110162186, 0.026216329194274284, 0.006689121309854875, 0.0016877711797611856, 0.00043798692375020655, 7.988635935773382e-05, 3.8741837840502496e-05, 1.3903419073414885e-05, 1.849690662258048e-05, 1.2728837839124767e-05, 4.6863837671495325e-06, 7.5656850151151485, 3.2440738392584327, 0.31682214388703994, 0.3092322963934859, 0.30937457786193223, 0.30938325598983935, 0.30938749665280235, 2.3575359252954122, 0.6720181422152397, 0.607669484243806, 0.24257581355699895, 0.21707184362533663, 0.0861288605212676, 0.1315193647299196, 0.11905765234247143, 0.022349516820783066, 0.085070334434786, 0.09891026502053393, 0.0873587448434969, 0.005675198329259245, 0.02212161797286107, 0.08526302396375653, 0.08812344014345505, 0.0751313120080912, 0.0014873265228048712, 0.0055265524266503, 0.022156779151176316, 0.08529062949093077]
js_flops_wt_cbrt_list:
[17.094245535934448, 9.784419126731523, 3.3929872571773076, 0.9105354892587192, 0.2295333222701242, 0.05841962505491415, 0.014905822854631552, 0.003760975030847295, 0.0009759959784923138, 0.00017801619464330698, 8.633106579523528e-05, 3.0981932032942016e-05, 4.1217911995204584e-05, 2.8364532976221542e-05, 1.0442986907568484e-05, 16.859129231682825, 7.228989838185455, 0.7059962788008196, 0.6890833066790686, 0.6894003621286436, 0.689419700189848, 0.6894291499468467, 5.253457255157136, 1.4975036210213808, 1.3541111405707198, 0.5405481435015572, 0.4837159169232869, 0.1919267835238493, 0.29307352368234907, 0.2653042444738815, 0.04980294468967078, 0.1895679980270374, 0.2204084543553786, 0.19466741820359862, 0.01264642948487274, 0.04929510222448852, 0.18999738117793727, 0.19637144062312817, 0.16742020001621957, 0.0033143106020909513, 0.012315191734842485, 0.049373454263724983, 0.19005889644710453]
js_param_list:
[4.030988811477383, 2.6377155916634014, 0.9571509985992305, 0.2599560316091801, 0.06566988129420442, 0.016743355093560855, 0.004276155012300976, 0.0010829703857362888, 0.000283256236338334, 5.140716293103421e-05, 2.5045455943604417e-05, 8.728291604610918e-06, 1.2029853163492895e-05, 7.871773015655838e-06, 2.0612893902350045e-06, 4.00818872899252, 2.0021755056510933, 0.16381022541877208, 0.15898214355022486, 0.15896989829952274, 0.15896360522517555, 0.15910114970898098, 1.3734457949762167, 0.37735137624057996, 0.37440928537236706, 0.12277905416255215, 0.13459771225157058, 0.04491960983112498, 0.05893901887388952, 0.07449106085824778, 0.011663613429120305, 0.044226769459113614, 0.041073894430956756, 0.054942229701478704, 0.0029454662020147538, 0.011508924331293099, 0.04435076087239326, 0.035529757714568046, 0.047355473808008926, 0.0007854130619828617, 0.00284540157682428, 0.011529839479715592, 0.0443690622016044]
ptq_acc_list:
[10.0, 10.0, 10.11, 23.2, 60.66, 81.25, 88.13, 89.74, 90.31, 90.33, 90.22, 90.24, 90.27, 90.29, 90.29, 10.0, 9.93, 13.08, 10.17, 14.67, 13.4, 11.16, 10.32, 11.16, 13.12, 17.31, 26.89, 46.32, 29.37, 45.5, 69.14, 46.94, 33.53, 58.66, 85.74, 69.16, 46.22, 41.52, 68.06, 89.36, 85.76, 69.04, 47.97]
acc_loss_list:
[0.8892334957908729, 0.8892334957908729, 0.8880150642445724, 0.743021710234825, 0.3280903854674347, 0.10002215330084184, 0.023814798404962402, 0.005981391227292936, -0.0003322995126273941, -0.0005538325210456043, 0.0006645990252547882, 0.0004430660168365779, 0.00011076650420918382, -0.00011076650420918382, -0.00011076650420918382, 0.8892334957908729, 0.8900088613203366, 0.8551174124944617, 0.8873504652193177, 0.8375055383252105, 0.8515728843597695, 0.8763845813026141, 0.8856889676561809, 0.8763845813026141, 0.8546743464776251, 0.8082631812140009, 0.7021488701816571, 0.486929552503323, 0.6746787771377935, 0.49601240584847145, 0.23416038989809482, 0.48006202924235714, 0.6285999113867966, 0.3502436863092601, 0.050287992910943796, 0.2339388568896766, 0.4880372175454143, 0.540097474523704, 0.24612317235268052, 0.010190518387239717, 0.05006645990252543, 0.23526805494018602, 0.46865307930881706]


