ResNet_152
Full_acc: 94.430000
title_list:
['INT_2', 'INT_3', 'INT_4', 'INT_5', 'INT_6', 'INT_7', 'INT_8', 'INT_9', 'INT_10', 'INT_11', 'INT_12', 'INT_13', 'INT_14', 'INT_15', 'INT_16', 'POT_2', 'POT_3', 'POT_4', 'POT_5', 'POT_6', 'POT_7', 'POT_8', 'FLOAT_3_E1', 'FLOAT_4_E1', 'FLOAT_4_E2', 'FLOAT_5_E1', 'FLOAT_5_E2', 'FLOAT_5_E3', 'FLOAT_6_E1', 'FLOAT_6_E2', 'FLOAT_6_E3', 'FLOAT_6_E4', 'FLOAT_7_E1', 'FLOAT_7_E2', 'FLOAT_7_E3', 'FLOAT_7_E4', 'FLOAT_7_E5', 'FLOAT_8_E1', 'FLOAT_8_E2', 'FLOAT_8_E3', 'FLOAT_8_E4', 'FLOAT_8_E5', 'FLOAT_8_E6']
js_flops_list:
[3.884172415043158, 2.775511735393752, 1.3896416659957913, 0.5171567223295069, 0.16011101697021182, 0.04528250830769957, 0.012116614037137473, 0.002973614759913081, 0.0006224399470396359, 9.679236642071944e-05, 1.1784369331787502e-05, 3.994741357296106e-06, 3.6639747865761664e-06, 1.3498340435669076e-06, 4.614709735462933e-06, 3.8780042573600237, 2.3153381148091436, 0.18806555157212965, 0.16490888876731125, 0.16498365739813015, 0.16496728841354316, 0.1649734334538275, 1.7868294140660492, 0.6446346772041729, 0.5124607663605131, 0.2157441225234644, 0.17191056943469762, 0.049341958451529666, 0.08319942570848018, 0.08552067122239285, 0.013037865238501452, 0.045747333600017814, 0.04459985617094451, 0.059072960425739444, 0.003530917722374488, 0.01177231940997834, 0.045803614820307634, 0.0333373893878054, 0.04967783323369072, 0.001134618076642093, 0.002813572616105592, 0.011803836861528427, 0.046179169966594866]
js_flops_wt_log_list:
[13.917656310639067, 9.945134842559874, 4.979324560199374, 1.8530612833361322, 0.5737052498256691, 0.1622549980194992, 0.04341590737950558, 0.010654971975092903, 0.0022303091447123053, 0.00034682365904244926, 4.2225417585030516e-05, 1.4313843805032342e-05, 1.3128650420593548e-05, 4.836687017807287e-06, 1.653529689433717e-05, 13.895554743167136, 8.29625379142151, 0.6738711444719903, 0.5908968478185702, 0.5911647566535448, 0.5911061037727526, 0.5911281225066176, 6.4025164213611605, 2.309836671642123, 1.8362348672447073, 0.7730482140012364, 0.6159850711806752, 0.17680070451110294, 0.2981178198394443, 0.30643524085559926, 0.0467169085262852, 0.16392054680871423, 0.15980893826625964, 0.21166855448364263, 0.01265188412615988, 0.042182240647348636, 0.16412221207921132, 0.11945358707467839, 0.1780042014937353, 0.004065531275950717, 0.010081513509628322, 0.0422951730848384, 0.1654678906158989]
js_flops_wt_cbrt_list:
[60.769968400189846, 43.4243752416846, 21.741691950410775, 8.09119532186387, 2.5050230530752384, 0.7084692194101948, 0.18957094934879698, 0.04652380370510617, 0.009738408049580422, 0.0015143686788943328, 0.0001843728020762785, 6.249987902432453e-05, 5.732485796381723e-05, 2.11188802678704e-05, 7.219961804837e-05, 60.67346425273241, 36.224711222337284, 2.9423867956890386, 2.5800883401795582, 2.581258135658923, 2.5810020340831423, 2.581098176546451, 27.95590808708141, 10.085656551095425, 8.017724562754617, 3.3754329384299333, 2.6896334034361185, 0.7719815022345297, 1.301699803962514, 1.3380169396239565, 0.20398442033136766, 0.7157416613379496, 0.6977887592384837, 0.9242282666120947, 0.05524310856576221, 0.1841842745627388, 0.7166222113272576, 0.5215814034916492, 0.777236444012937, 0.017751710608103387, 0.04401985820973823, 0.18467738205903209, 0.7224979737635525]
js_param_list:
[3.568588468131594, 2.680659686169375, 1.370448805783652, 0.5080205845238838, 0.15602262084226592, 0.04386650663535348, 0.011678703718883257, 0.0028642960407596766, 0.0006012492270979219, 9.517512872689344e-05, 1.2580916022049693e-05, 4.4070128155525026e-06, 4.8943921026917e-06, 1.094550449411584e-06, 6.327577696693385e-06, 3.5680112778935893, 2.258210450697765, 0.17154228069419739, 0.14948686146848364, 0.14950086848763475, 0.14951546514002018, 0.14953705413251314, 1.7274918605421477, 0.6187124547057584, 0.49866474560833446, 0.20105756264027386, 0.16727924473969336, 0.045065829576603544, 0.07348986380475629, 0.08357807672727313, 0.011862448424735762, 0.041637405836526524, 0.0368579783966308, 0.057960172682577256, 0.0032272262474772936, 0.010654655754564828, 0.04168746344712044, 0.026365193691402146, 0.048826423125494955, 0.0010453741381514332, 0.0025317087046215253, 0.010685502933311481, 0.04209708538181569]
ptq_acc_list:
[10.0, 9.98, 14.74, 29.62, 77.93, 90.36, 93.98, 94.4, 94.32, 94.45, 94.44, 94.43, 94.43, 94.41, 94.43, 10.0, 10.2, 31.26, 18.95, 26.93, 24.13, 27.14, 9.86, 16.49, 19.68, 60.62, 69.62, 83.73, 88.39, 83.55, 91.03, 84.9, 90.16, 85.86, 93.7, 90.93, 84.02, 90.77, 88.29, 94.45, 93.88, 90.7, 83.43]
acc_loss_list:
[0.8941014508101239, 0.8943132479085036, 0.8439055384941226, 0.686328497299587, 0.17473260616329556, 0.04310070952027965, 0.004765434713544454, 0.0003176956475696403, 0.0011648840410887814, -0.00021179709837971004, -0.00010589854918977977, 0.0, 0.0, 0.00021179709837986052, 0.0, 0.8941014508101239, 0.8919834798263263, 0.6689611352324473, 0.7993222492851848, 0.7148152070316636, 0.7444668008048291, 0.7125913374986763, 0.8955840304987822, 0.8253732923858944, 0.7915916551943237, 0.3580429948109712, 0.2627343005400826, 0.11331144763316744, 0.06396272371068523, 0.11521762151858529, 0.036005506724557934, 0.10092131737795193, 0.0452186805040772, 0.09075505665572389, 0.007730594090860997, 0.037064492216456635, 0.11024038970666113, 0.03875886900349476, 0.06502170920258393, -0.00021179709837971004, 0.005824420205443305, 0.039500158847823826, 0.1164884041088637]


