ResNet_50
Full_acc: 94.580000
title_list:
['INT_2', 'INT_3', 'INT_4', 'INT_5', 'INT_6', 'INT_7', 'INT_8', 'INT_9', 'INT_10', 'INT_11', 'INT_12', 'INT_13', 'INT_14', 'INT_15', 'INT_16', 'POT_2', 'POT_3', 'POT_4', 'POT_5', 'POT_6', 'POT_7', 'POT_8', 'FLOAT_3_E1', 'FLOAT_4_E1', 'FLOAT_4_E2', 'FLOAT_5_E1', 'FLOAT_5_E2', 'FLOAT_5_E3', 'FLOAT_6_E1', 'FLOAT_6_E2', 'FLOAT_6_E3', 'FLOAT_6_E4', 'FLOAT_7_E1', 'FLOAT_7_E2', 'FLOAT_7_E3', 'FLOAT_7_E4', 'FLOAT_7_E5', 'FLOAT_8_E1', 'FLOAT_8_E2', 'FLOAT_8_E3', 'FLOAT_8_E4', 'FLOAT_8_E5', 'FLOAT_8_E6']
js_flops_list:
[6.406746146714387, 4.463006928866337, 1.8606068397680064, 0.5476336925833593, 0.1427087137002757, 0.03631802870036436, 0.00917632768694844, 0.002274022378465238, 0.0005732790341203692, 0.00012735280067719076, 3.204993011158073e-05, 1.9430616000983667e-05, 8.168679372916183e-06, 2.0007283482548982e-05, 1.7010192348812227e-05, 6.396918480840575, 3.565691183029724, 0.2766922472718606, 0.26466369414337404, 0.2648690090212167, 0.2648278963412444, 0.26487935208725366, 2.5332916627514512, 0.7347056021801005, 0.6964089202042065, 0.2270771187947045, 0.2466501363272561, 0.07526408085311341, 0.09674318659527918, 0.13500442926006606, 0.019829886388482706, 0.07347626738449571, 0.06167650705362234, 0.09913797982030731, 0.005215974569042684, 0.019155984700123193, 0.0734822388392775, 0.051459046305026596, 0.08547780129374767, 0.001491210776670565, 0.004814321284266958, 0.019164106642206327, 0.07388189174626741]
js_flops_wt_log_list:
[20.037555659152776, 13.958372580472153, 5.81918063520768, 1.7127634441383166, 0.4463316835616854, 0.11358722584747057, 0.02869961952030047, 0.007112167227356747, 0.0017929710794461944, 0.00039830497002396066, 0.0001002384430062209, 6.077063780824273e-05, 2.5548127528124786e-05, 6.257420649881966e-05, 5.320059015246238e-05, 20.006818932983744, 11.151953566936534, 0.8653747437783619, 0.8277545856994077, 0.8283967226279223, 0.8282681397881504, 0.8284290713048725, 7.923050411367082, 2.297844187930709, 2.1780685827982373, 0.7101998897056941, 0.7714158984634639, 0.23539378253696655, 0.30257121815897786, 0.4222359843175668, 0.06201938443084247, 0.22980226836342907, 0.19289767608208944, 0.31006110482528065, 0.01631333259512982, 0.05991170882140292, 0.22982094451428883, 0.1609418386324988, 0.2673379219065577, 0.004663868093538958, 0.015057133291290924, 0.0599371107747228, 0.23107088749388688]
js_flops_wt_cbrt_list:
[70.65798877740484, 49.22110011414127, 20.520047804752092, 6.039679802910221, 1.5738895314656962, 0.40054011904995357, 0.10120283274446663, 0.025079477790698124, 0.006322514211051091, 0.0014045339950974607, 0.00035346860173350895, 0.0002142941543016582, 9.008979632410289e-05, 0.00022065403863414924, 0.00018760006289624153, 70.54960254059787, 39.32488689651173, 3.0515517947525157, 2.918892664439246, 2.921157017669767, 2.920703598849422, 2.921271088092916, 27.938877204988312, 8.102837072787844, 7.680475008910493, 2.5043621432745575, 2.7202267992925315, 0.8300638824262214, 1.0669501859762627, 1.488921400834605, 0.21869758186270258, 0.8103466498234491, 0.680210803335682, 1.093361607459697, 0.057525343461852785, 0.211265332036853, 0.8104125071206315, 0.5675256414180223, 0.9427077936634397, 0.01644609477414201, 0.05309563567599876, 0.2113549063823037, 0.814820153368865]
js_param_list:
[5.240355990704543, 4.026883911008927, 1.7722860998248184, 0.5206632931861254, 0.13381661760780209, 0.03360286902449438, 0.008406931184356226, 0.0020096596608478574, 0.0005025902311521465, 0.00010877738484837579, 3.021143538787174e-05, 2.0939698634905692e-05, 1.1682259678940405e-05, 1.5547544580351305e-05, 3.1162163148950856e-05, 5.242284273107739, 3.290895328280436, 0.22128279530762301, 0.2106870639518734, 0.21088019070867536, 0.2108256334718985, 0.21091756435296746, 2.3009659412555465, 0.6533229753308406, 0.6409359887303046, 0.1843546909332463, 0.22723686953672997, 0.06016384523609278, 0.06770352251673334, 0.12537713629483233, 0.0157725155248299, 0.05854852646267403, 0.03771974331281288, 0.09249785038246981, 0.004149155918620373, 0.015155177067758561, 0.05854862828091227, 0.029469211436662226, 0.07993427309685415, 0.001198247749728423, 0.003782568004670307, 0.015159839003777256, 0.05938070132577549]
ptq_acc_list:
[10.0, 9.93, 17.05, 79.83, 92.88, 93.86, 94.43, 94.58, 94.57, 94.62, 94.61, 94.57, 94.57, 94.56, 94.55, 10.0, 10.25, 45.02, 54.21, 50.11, 44.66, 44.98, 9.45, 48.56, 22.24, 84.14, 67.5, 89.19, 87.72, 88.84, 92.9, 88.84, 90.69, 91.76, 94.26, 93.09, 88.79, 90.68, 92.67, 94.52, 94.17, 93.02, 86.98]
acc_loss_list:
[0.8942694015648128, 0.8950095157538592, 0.8197293296680059, 0.15595263269190104, 0.017974201733981846, 0.007612603087333462, 0.001585958976527717, 0.0, 0.00010573059843524124, -0.0004229223937408147, -0.00031719179530557344, 0.00010573059843524124, 0.00010573059843524124, 0.0002114611968703322, 0.00031719179530557344, 0.8942694015648128, 0.8916261366039332, 0.5240008458447875, 0.4268344258828505, 0.4701839712412772, 0.5278071473884542, 0.5244237682385282, 0.9000845844787482, 0.4865722139987312, 0.7648551490801438, 0.11038274476633536, 0.2863184605624868, 0.05698879255656588, 0.07253119052653838, 0.060689363501797364, 0.01776274053711136, 0.060689363501797364, 0.0411292027912878, 0.029816028758722704, 0.0033833791499259165, 0.01575385916684283, 0.06121801649397327, 0.041234933389722894, 0.02019454430112071, 0.0006343835906111469, 0.004334954535842637, 0.01649397335588922, 0.08035525481074217]


