ResNet_18
Full_acc: 94.300000
title_list:
['INT_2', 'INT_3', 'INT_4', 'INT_5', 'INT_6', 'INT_7', 'INT_8', 'INT_9', 'INT_10', 'INT_11', 'INT_12', 'INT_13', 'INT_14', 'INT_15', 'INT_16', 'POT_2', 'POT_3', 'POT_4', 'POT_5', 'POT_6', 'POT_7', 'POT_8', 'FLOAT_3_E1', 'FLOAT_4_E1', 'FLOAT_4_E2', 'FLOAT_5_E1', 'FLOAT_5_E2', 'FLOAT_5_E3', 'FLOAT_6_E1', 'FLOAT_6_E2', 'FLOAT_6_E3', 'FLOAT_6_E4', 'FLOAT_7_E1', 'FLOAT_7_E2', 'FLOAT_7_E3', 'FLOAT_7_E4', 'FLOAT_7_E5', 'FLOAT_8_E1', 'FLOAT_8_E2', 'FLOAT_8_E3', 'FLOAT_8_E4', 'FLOAT_8_E5', 'FLOAT_8_E6']
js_flops_list:
[12.80299527868102, 8.405820796720942, 2.773593692871517, 0.6783118175964616, 0.16203377803458088, 0.03944124196845232, 0.009749781421022428, 0.0024065085260245142, 0.000584502400796242, 0.00015822609902129157, 4.550811461774384e-05, 3.714601548751021e-05, 1.2238319532654754e-05, 2.101353999820815e-05, 2.4071849591002673e-05, 12.765614169275102, 6.274365648075481, 0.5195606412340176, 0.5125058172339328, 0.5125955837634969, 0.513058063588398, 0.512922534838037, 4.092833325985446, 1.020161932363568, 1.1507773637393666, 0.3315181105925415, 0.4243942154730236, 0.14301510987061236, 0.16600666733254404, 0.24131034691764322, 0.03714508796661997, 0.14192365314916092, 0.12076065057100295, 0.18032132485975225, 0.009558370804247743, 0.0367419926655379, 0.14192339487510483, 0.10650084355725027, 0.15635458408031847, 0.002502898104198746, 0.009325720410743874, 0.03673861294533459, 0.1434812548685684]
js_flops_wt_log_list:
[35.15736757144959, 23.0826088003134, 7.616362486402792, 1.8626623989315165, 0.44494908959611157, 0.10830670567131667, 0.026773160631477548, 0.006608336797105143, 0.0016050592305853972, 0.0004344931011535307, 0.00012496650028168306, 0.00010200395234728985, 3.3606752865312386e-05, 5.7703743039298546e-05, 6.61019430042871e-05, 35.05471804491256, 17.229575936373514, 1.4267274213510628, 1.4073546858993933, 1.407601187191224, 1.408871169163763, 1.408499003589284, 11.239029814371138, 2.8013919600696155, 3.1600654291623482, 0.9103576012483854, 1.1653978700927246, 0.3927233179851927, 0.4558587499005055, 0.6626446687443921, 0.10200140535011001, 0.38972614862683996, 0.33161197734422065, 0.49516718244999586, 0.026247541956742025, 0.10089449486877407, 0.389725439399372, 0.2924541657721706, 0.429353871054398, 0.006873025157614916, 0.025608677751763537, 0.10088521406667347, 0.39400336462100005]
js_flops_wt_cbrt_list:
[105.3546771711894, 69.17073052991391, 22.82364882248317, 5.581765907800925, 1.3333611396457614, 0.32455837281579836, 0.08023005958706406, 0.01980293855854231, 0.0048098167968720264, 0.0013020280973002254, 0.0003744821129634769, 0.00030567116402825174, 0.00010070801210305022, 0.00017291849872205618, 0.00019808504864455312, 105.04707144080852, 51.63118105711691, 4.275416997084549, 4.217363495630392, 4.218102176192021, 4.221907880372181, 4.22079262668108, 33.67955110416199, 8.394819236204002, 9.469641674753754, 2.728032211027894, 3.4923011835310827, 1.176858258794328, 1.3660536823135505, 1.985720774255815, 0.3056635315436782, 1.1678767612594254, 0.9937283486369863, 1.4838476898694546, 0.07865495912826637, 0.3023464971786463, 1.1678746359458398, 0.876385700939615, 1.2866275720219258, 0.020596119581433345, 0.07674050031860292, 0.30231868577020654, 1.1806941233483357]
js_param_list:
[19.23987607919351, 13.276544208589291, 4.691457176297082, 1.1543934993178218, 0.2736012569973487, 0.0664575269557867, 0.016349216801729644, 0.004069234416321323, 0.0009458122127482155, 0.00026014598915303995, 5.009872385009695e-05, 5.014557788914478e-05, 7.804331203843108e-06, 2.2664059048005836e-05, 1.9617915834909515e-05, 19.25939607497878, 10.160138472445075, 0.7742284675560568, 0.7633418730269013, 0.7633980535964743, 0.7648033812948744, 0.7638633216930796, 6.678662066483134, 1.6460420449142454, 1.8710294843466486, 0.5030177091990324, 0.6915414154170487, 0.213498908615622, 0.23540381405596134, 0.3947354518206468, 0.055709824268573675, 0.2117091373957813, 0.164203782259264, 0.2957156620243196, 0.014283730206225535, 0.055013288179935435, 0.21169700527137067, 0.14266891367121662, 0.2567414534824632, 0.003789666974358319, 0.01390540812098994, 0.05501216634759848, 0.21523209186116166]
ptq_acc_list:
[10.0, 10.0, 47.44, 87.34, 93.06, 94.26, 94.32, 94.36, 94.34, 94.33, 94.32, 94.29, 94.29, 94.3, 94.29, 10.0, 10.51, 59.23, 46.37, 51.24, 52.19, 55.34, 12.97, 47.09, 52.32, 82.3, 85.6, 89.33, 87.28, 91.6, 93.24, 89.5, 90.04, 92.52, 94.07, 93.11, 88.85, 90.35, 92.14, 94.26, 94.06, 93.4, 88.87]
acc_loss_list:
[0.8939554612937434, 0.8939554612937434, 0.49692470837751856, 0.07380699893955454, 0.013149522799575769, 0.00042417815482494214, -0.00021208907741247107, -0.0006362672322375639, -0.00042417815482509284, -0.00031813361611878193, -0.00021208907741247107, 0.00010604453870616018, 0.00010604453870616018, 0.0, 0.00010604453870616018, 0.8939554612937434, 0.8885471898197242, 0.371898197242842, 0.508271474019088, 0.456627783669141, 0.44655355249204665, 0.4131495227995758, 0.8624602332979852, 0.5006362672322375, 0.4451749734888653, 0.12725344644750797, 0.0922587486744433, 0.052704135737009536, 0.07444326617179212, 0.02863202545068932, 0.011240721102863227, 0.050901378579003155, 0.045174973488865226, 0.018875927889713692, 0.0024390243902439445, 0.012619300106044515, 0.05779427359490989, 0.041887592788971396, 0.022905620360551396, 0.00042417815482494214, 0.002545068928950105, 0.009544008483563007, 0.05758218451749727]


