VGG_16
Full_acc: 93.140000
title_list:
['INT_2', 'INT_3', 'INT_4', 'INT_5', 'INT_6', 'INT_7', 'INT_8', 'INT_9', 'INT_10', 'INT_11', 'INT_12', 'INT_13', 'INT_14', 'INT_15', 'INT_16', 'POT_2', 'POT_3', 'POT_4', 'POT_5', 'POT_6', 'POT_7', 'POT_8', 'FLOAT_3_E1', 'FLOAT_4_E1', 'FLOAT_4_E2', 'FLOAT_5_E1', 'FLOAT_5_E2', 'FLOAT_5_E3', 'FLOAT_6_E1', 'FLOAT_6_E2', 'FLOAT_6_E3', 'FLOAT_6_E4', 'FLOAT_7_E1', 'FLOAT_7_E2', 'FLOAT_7_E3', 'FLOAT_7_E4', 'FLOAT_7_E5', 'FLOAT_8_E1', 'FLOAT_8_E2', 'FLOAT_8_E3', 'FLOAT_8_E4', 'FLOAT_8_E5', 'FLOAT_8_E6']
js_flops_list:
[9.707856921981262, 6.486572902463099, 2.005316166527318, 0.5190581585685807, 0.13491936372039182, 0.03478897771537315, 0.00883023282337944, 0.002240868859371342, 0.0005592475775348325, 0.00015758524814800832, 3.412366999010219e-05, 4.357281474141023e-05, 1.7183449624302408e-05, 2.2050730420072442e-05, 1.2750526261498446e-05, 9.618822632146273, 4.733930080796053, 0.3982828800947237, 0.38795379558723697, 0.38807410856449526, 0.38820750558191597, 0.38849372381062763, 2.945696330723041, 0.7538307098720384, 0.8813729995052929, 0.25061212424988527, 0.3224955863954204, 0.10919356120067138, 0.12068196405865428, 0.1806574511886002, 0.028349744707636428, 0.107615886201107, 0.08391949583889775, 0.1337665599720689, 0.007379243854310278, 0.027778513044400217, 0.1076221064514893, 0.07263421124744922, 0.11556745962299968, 0.002023641857142568, 0.006992225258738289, 0.027775958632076332, 0.10781419241433256]
js_flops_wt_log_list:
[24.492082857031388, 16.36506205871, 5.05923913999218, 1.3095388126801188, 0.3403898782001609, 0.08776957999731655, 0.02227791320939133, 0.00565351819835672, 0.0014109332385774155, 0.00039757394301389985, 8.609106618487422e-05, 0.00010993044062529271, 4.3352356277017214e-05, 5.563208449061639e-05, 3.216847427574575e-05, 24.26745704916457, 11.943295900429012, 1.00483323747073, 0.9787738511790116, 0.9790773904082635, 0.9794139395384995, 0.9801360433590581, 7.4317369099623924, 1.9018496414544075, 2.223627800174493, 0.6322727004975406, 0.8136284544057278, 0.2754859048577079, 0.3044701510156383, 0.4557831145237226, 0.07152395239601561, 0.2715055673721703, 0.21172162526959745, 0.33748145411143227, 0.018617193614872664, 0.07008278434636478, 0.27152126052555925, 0.1832498289194585, 0.2915666989543422, 0.005105473271435212, 0.01764077919239614, 0.07007633978514076, 0.27200587678591814]
js_flops_wt_cbrt_list:
[67.31231269171278, 44.97658206308593, 13.904455940362705, 3.5990440892923963, 0.9355035279053602, 0.2412197218213951, 0.06122704503422324, 0.015537730580019836, 0.0038777093763990877, 0.0010926641774995415, 0.0002366066128726786, 0.00030212506779851554, 0.00011914655763151456, 0.00015289529636100708, 8.840956532378686e-05, 66.69496696795294, 32.82411189412296, 2.761612782321529, 2.6899930034378103, 2.6908272292418336, 2.691752177128986, 2.693736756327458, 20.424861439757734, 5.226909385595537, 6.111261776674915, 1.737693685374158, 2.236119045388184, 0.7571260263239646, 0.8367842837251345, 1.2526421580194735, 0.19657138499536034, 0.7461867475778887, 0.5818807786555136, 0.9275102203192557, 0.05116618155187639, 0.1926105803971694, 0.7462298775335647, 0.5036309021544991, 0.8013213463742126, 0.014031522565561129, 0.04848267303583488, 0.19259286861974306, 0.7475617626755179]
js_param_list:
[2.643630196821214, 2.030373814928824, 0.9088964101943003, 0.32912985562027364, 0.1053558533306981, 0.03044398804029105, 0.008108920237150345, 0.0020933207876840157, 0.0005270093236228446, 0.00014486326739074796, 3.850613408698056e-05, 2.9745078920157153e-05, 8.500018620847096e-06, 8.889711732320838e-06, 4.48826134820024e-06, 2.6438652865631758, 1.639671497228674, 0.12136619008732417, 0.10628808321731797, 0.1059608428068582, 0.10599506180130609, 0.10598393528866858, 1.155448097083798, 0.3949031250272791, 0.3548814434177675, 0.13151808439711926, 0.1215374057695574, 0.03170310969775694, 0.04723244874718427, 0.06115033337293262, 0.008514393294068574, 0.029246228243453496, 0.022230083061500646, 0.042553726414550706, 0.0024868175480420402, 0.007685811908287718, 0.029233005849203148, 0.015231422863962578, 0.03600678903667483, 0.0009166167737045329, 0.0018873743186338101, 0.007551743090941612, 0.02964848057488445]
ptq_acc_list:
[10.0, 9.21, 28.48, 88.17, 92.41, 93.08, 93.03, 93.03, 93.13, 93.12, 93.15, 93.15, 93.15, 93.13, 93.13, 10.0, 10.0, 70.23, 77.7, 75.37, 75.91, 73.03, 10.14, 80.5, 72.02, 87.72, 90.24, 89.89, 90.07, 91.82, 92.7, 89.79, 90.77, 91.86, 92.96, 92.77, 89.7, 91.07, 92.15, 93.11, 93.0, 92.74, 89.88]
acc_loss_list:
[0.8926347433970367, 0.9011165986686709, 0.6942237491947605, 0.053360532531672736, 0.007837663732016362, 0.0006441915396178041, 0.00118101782263259, 0.00118101782263259, 0.00010736525660301821, 0.00021473051320588385, -0.00010736525660301821, -0.00010736525660301821, -0.00010736525660301821, 0.00010736525660301821, 0.00010736525660301821, 0.8926347433970367, 0.8926347433970367, 0.24597380287738885, 0.16577195619497528, 0.1907880609834657, 0.18499033712690577, 0.21591153102855914, 0.8911316298045953, 0.13570968434614558, 0.2267554219454585, 0.05819196907880612, 0.031135924414859413, 0.03489370839596306, 0.032961133777109804, 0.014172213871591233, 0.00472407129053036, 0.035967360961992635, 0.025445565814902347, 0.013742752845179312, 0.0019325746188534124, 0.00397251449430969, 0.036933648271419345, 0.02222460811681348, 0.01062916040369331, 0.00032209576980890206, 0.001503113592441492, 0.004294610264118592, 0.035001073652566085]


