VGG_19
Full_acc: 93.030000
title_list:
['INT_2', 'INT_3', 'INT_4', 'INT_5', 'INT_6', 'INT_7', 'INT_8', 'INT_9', 'INT_10', 'INT_11', 'INT_12', 'INT_13', 'INT_14', 'INT_15', 'INT_16', 'POT_2', 'POT_3', 'POT_4', 'POT_5', 'POT_6', 'POT_7', 'POT_8', 'FLOAT_3_E1', 'FLOAT_4_E1', 'FLOAT_4_E2', 'FLOAT_5_E1', 'FLOAT_5_E2', 'FLOAT_5_E3', 'FLOAT_6_E1', 'FLOAT_6_E2', 'FLOAT_6_E3', 'FLOAT_6_E4', 'FLOAT_7_E1', 'FLOAT_7_E2', 'FLOAT_7_E3', 'FLOAT_7_E4', 'FLOAT_7_E5', 'FLOAT_8_E1', 'FLOAT_8_E2', 'FLOAT_8_E3', 'FLOAT_8_E4', 'FLOAT_8_E5', 'FLOAT_8_E6']
js_flops_list:
[8.024123945511475, 5.350393071050288, 1.6599776394933907, 0.4271921735523944, 0.11304354416339005, 0.028849968810954116, 0.007251873760070392, 0.0018494235336889505, 0.00046018644573646793, 0.00012088018248667003, 4.6490608984934174e-05, 3.556251850440877e-05, 1.507652496529077e-05, 2.990267330188534e-05, 2.2260680017889275e-05, 7.917801775320006, 3.952287197775858, 0.33107678229570486, 0.32296706134234826, 0.3225707008926969, 0.32259356442551, 0.32319079923547345, 2.4576681446325686, 0.6236871239818896, 0.7417313324450194, 0.210823575265336, 0.27251394272920365, 0.09013414900124771, 0.10135054029778329, 0.15296487310804363, 0.023425130447645638, 0.08880010294945571, 0.07059554430005066, 0.11349445945455026, 0.006082203908415393, 0.022908628679488032, 0.08880467313561308, 0.06120504745935862, 0.09817263037279855, 0.0016877448067475632, 0.00580373047691887, 0.022905164997284837, 0.08924816431939135]
js_flops_wt_log_list:
[21.03597567608492, 14.026545360514485, 4.351783382753069, 1.1199234000976295, 0.2963540021948062, 0.07563283497166308, 0.019011451101551422, 0.004848433141567074, 0.0012064209058474681, 0.0003168984671445291, 0.00012187938850577066, 9.32303986477589e-05, 3.952449072364471e-05, 7.839259618867692e-05, 5.835841103269244e-05, 20.757242371220233, 10.361282791976521, 0.8679481008247283, 0.8466877247546312, 0.8456486295419392, 0.8457085683867765, 0.8472742741286887, 6.443002084894146, 1.635052905296829, 1.9445166068541972, 0.552693307249777, 0.7144202544194523, 0.23629492500991045, 0.26569972185622004, 0.4010114215391915, 0.061411124460687735, 0.232797601129218, 0.18507268367490068, 0.297536117919991, 0.015945054481116862, 0.0600570677804322, 0.2328095822907123, 0.160454636338076, 0.25736853999303827, 0.004424577554293664, 0.015215010881195454, 0.060047987420374094, 0.23397223503858472]
js_flops_wt_cbrt_list:
[60.01523598044835, 40.01746544890526, 12.41555469892648, 3.195120025418971, 0.8454922961187685, 0.21577903058021877, 0.05423930611820875, 0.013832486955068099, 0.003441895753782187, 0.0009041052614043009, 0.0003477195626653206, 0.0002659845429350617, 0.00011276261554548698, 0.00022365257651120555, 0.00016649542971057857, 59.22001519655658, 29.56054149309425, 2.4762393193388936, 2.415583873329297, 2.4126193545755146, 2.412790358952621, 2.417257287467072, 18.38176163072123, 4.664774644299732, 5.547668661783456, 1.5768234271690889, 2.0382273120300165, 0.6741448984262876, 0.7580362210281995, 1.144077910390928, 0.17520476269246188, 0.6641671003325944, 0.5280088242786575, 0.8488648496573153, 0.045490935250189185, 0.17134166490000602, 0.6642012823570211, 0.45777400641009275, 0.7342675186293222, 0.012623235077069183, 0.0434081348324691, 0.1713157588065561, 0.6675183083938123]
js_param_list:
[1.729679907104299, 1.308784745637505, 0.5535505208524657, 0.20063692566649705, 0.06507369517760643, 0.018303461147078606, 0.004763944487067647, 0.0012536692137142807, 0.0003007278450856389, 8.02359855308368e-05, 2.499211218568465e-05, 2.2779966931979102e-05, 4.960790979259166e-06, 3.0272066618613143e-05, 1.177184214829974e-05, 1.7302509008662255, 1.044541644560887, 0.07959334884952608, 0.07096552625488958, 0.07042699382358332, 0.070429719663752, 0.0704527543255789, 0.7183265498423228, 0.24376553224008424, 0.22645431114772974, 0.08293533850874694, 0.07735725902284186, 0.020660066763632034, 0.03002364437629356, 0.039148687541727886, 0.005542332367563041, 0.01915219569302639, 0.014648462521770654, 0.02746807197884521, 0.0015743723613774814, 0.004954252490325559, 0.01917171551658501, 0.010468788332101183, 0.023267441347928894, 0.0005739400486149861, 0.0012381338226764296, 0.00495153646237609, 0.020080275191084195]
ptq_acc_list:
[10.0, 10.0, 21.69, 88.51, 92.42, 92.85, 92.92, 93.02, 93.05, 93.01, 93.03, 93.04, 93.01, 93.03, 93.02, 10.0, 10.0, 71.57, 69.01, 72.3, 76.18, 67.87, 10.0, 76.95, 72.3, 86.7, 88.97, 90.42, 88.94, 91.08, 92.53, 90.46, 89.87, 91.83, 92.93, 92.58, 90.54, 90.05, 92.09, 93.05, 92.94, 92.65, 90.72]
acc_loss_list:
[0.8925077931849941, 0.8925077931849941, 0.7668494034182523, 0.048586477480382625, 0.006557024615715354, 0.0019348597226701797, 0.0011824142749650589, 0.0001074922068150609, -0.00021498441362996905, 0.00021498441362996905, 0.0, -0.0001074922068150609, 0.00021498441362996905, 0.0, 0.0001074922068150609, 0.8925077931849941, 0.8925077931849941, 0.23067827582500278, 0.2581962807696442, 0.2228313447275073, 0.1811243684832849, 0.2704503923465548, 0.8925077931849941, 0.17284746855852948, 0.2228313447275073, 0.06804256691389872, 0.043641835966892424, 0.028055465978716537, 0.043964312587337455, 0.020960980328926182, 0.005374610340750295, 0.0276254971514566, 0.033967537353541834, 0.01289906481780074, 0.001074922068149998, 0.004837149306675297, 0.026765559496936417, 0.0320326776308718, 0.01010426744061053, -0.00021498441362996905, 0.0009674298613350899, 0.004084703858970176, 0.02483069977426639]


