title_list:
INT_2 INT_3 INT_4 INT_5 INT_6 INT_7 INT_8 INT_9 INT_10 INT_11 INT_12 INT_13 INT_14 INT_15 INT_16 POT_2 POT_3 POT_4 POT_5 POT_6 POT_7 POT_8 FLOAT_3_E1 FLOAT_4_E1 FLOAT_4_E2 FLOAT_5_E1 FLOAT_5_E2 FLOAT_5_E3 FLOAT_6_E1 FLOAT_6_E2 FLOAT_6_E3 FLOAT_6_E4 FLOAT_7_E1 FLOAT_7_E2 FLOAT_7_E3 FLOAT_7_E4 FLOAT_7_E5 FLOAT_8_E1 FLOAT_8_E2 FLOAT_8_E3 FLOAT_8_E4 FLOAT_8_E5 FLOAT_8_E6
js_flops_list:
7596.158354929403 3342.630224687211 803.7421515317819 193.09625855378914 47.294430438986815 11.617764000749704 2.8409912757716502 0.7002681399367439 0.17784808389949117 0.0436832697576101 0.011038433846755926 0.0027589181015611444 0.0006869155287621905 0.0001593813201971203 0.0001203343519776774 7596.100728242634 2133.4439203566753 134.29969268901075 130.9402314639402 130.94019523793065 130.9402499980709 130.94030592234444 1277.7023613784083 289.82743245674186 302.10808960554925 92.40277930093731 107.5666593496828 36.700788172354116 44.407474473657686 60.09530043518254 9.507477271994002 36.255231843587175 31.324843649420213 44.77256767415278 2.4592434345083602 9.346483017228227 36.2552369826946 27.3682985947986 38.75922946625283 0.6654846714873894 2.3614977284616923 9.346479578793366 36.25830464235682
js_param_list:
2124.6901484547043 924.4573506960227 220.4801169201279 52.8504167013976 12.953296497807385 3.1853253087773608 0.7775012981543739 0.19165897232008872 0.04881389226260701 0.011927057061170981 0.003025213095666009 0.0007628906685143884 0.00019075741735802466 4.5081513290070486e-05 3.399542619773311e-05 2124.672207113351 587.9132319943658 37.55091744333372 36.635514313284844 36.63549899741198 36.63550255682983 36.63554387096417 352.76533450990684 80.14627267392913 83.49214909064641 25.77374926912755 29.78985840193075 10.26657509432266 12.541439619277627 16.648877037050198 2.658753685911974 10.145569681413992 8.911419624239798 12.401484350536222 0.6875383356517406 2.6148026740520978 10.145568951377017 7.808360107452724 10.735180287226289 0.18568651930732344 0.6608485065237775 2.614801761970877 10.151356149109917
ptq_acc_list:
10.0 10.1 54.63 76.21 84.14 85.66 86.1 86.1 86.12 86.09 86.09 86.08 86.08 86.05 86.08 10.0 13.77 74.96 75.06 74.89 74.91 74.79 20.04 67.57 50.1 77.82 79.72 82.7 81.61 83.88 85.78 82.82 82.84 84.97 86.16 85.76 82.66 82.83 85.16 86.17 86.22 85.95 82.78
acc_loss_list:
0.8838289962825279 0.8826672862453532 0.3653578066914498 0.11466078066914503 0.022537174721189566 0.004879182156133849 -0.000232342007434898 -0.000232342007434898 -0.00046468401486996115 -0.00011617100371753155 -0.00011617100371753155 0.0 0.0 0.00034851301115242957 0.0 0.8838289962825279 0.8400325278810409 0.12918215613382905 0.12802044609665422 0.12999535315985128 0.12976301115241637 0.13115706319702594 0.7671933085501857 0.21503252788104096 0.41798327137546465 0.09595724907063204 0.07388475836431226 0.03926579925650552 0.05192843866171003 0.0255576208178439 0.0034851301115241306 0.03787174721189597 0.03763940520446091 0.012894981412639398 -0.0009293680297397572 0.0037174721189590287 0.03973048327137549 0.03775557620817844 0.010687732342007455 -0.0010455390334572886 -0.0016263940520446162 0.0015102230483270847 0.03833643122676577
