title_list:
INT_2 INT_3 INT_4 INT_5 INT_6 INT_7 INT_8 INT_9 INT_10 INT_11 INT_12 INT_13 INT_14 INT_15 INT_16 POT_2 POT_3 POT_4 POT_5 POT_6 POT_7 POT_8 FLOAT_3_E1 FLOAT_4_E1 FLOAT_4_E2 FLOAT_5_E1 FLOAT_5_E2 FLOAT_5_E3 FLOAT_6_E1 FLOAT_6_E2 FLOAT_6_E3 FLOAT_6_E4 FLOAT_7_E1 FLOAT_7_E2 FLOAT_7_E3 FLOAT_7_E4 FLOAT_7_E5 FLOAT_8_E1 FLOAT_8_E2 FLOAT_8_E3 FLOAT_8_E4 FLOAT_8_E5 FLOAT_8_E6
js_flops_list:
7315.84863077462 2447.6990359739557 554.9539055398842 130.3057613397198 31.72854680369856 7.739889012396159 1.9503014204883173 0.47476923180404534 0.11812657336071226 0.03002884209117736 0.007400953973311122 0.001932886049776867 0.00044452340426047595 9.522531481526753e-05 2.9848570843407086e-06 7315.828621431085 1509.6239277040813 132.669444214901 130.7354806274539 130.73505398794512 130.73538243275962 130.7352909353478 1040.798298841082 253.67138749112172 224.5416693145032 97.71660734169551 80.35741771506743 36.57394847264219 58.08625652423495 44.466842189195326 9.423972626618646 36.3279041181201 46.176068440021766 32.78338584270386 2.408595598953836 9.337974512410408 36.32789770432847 41.972310900423636 28.345412246072254 0.6323033918133659 2.3565326800100244 9.337984500288826 36.35255195223587
js_param_list:
2049.6929693507795 679.6962663951226 153.76103950048937 36.08036236374624 8.775254036917314 2.1428681018671267 0.540685220427713 0.13159647793378718 0.03272457732749732 0.008309703792123481 0.002061388543162421 0.0005373214024740875 0.00012932799821557616 3.358989301840365e-05 1.9910609472068016e-06 2049.682281691373 418.6989301615079 37.19252279367339 36.66040315748872 36.66028729152239 36.660375447269956 36.66034282835435 290.1050259737521 70.90992813610583 62.413211449939176 27.472679564357314 22.33696197321313 10.256081766983586 16.41390223671071 12.354416475776839 2.642681146872554 10.188908715006807 13.078305876994543 9.106313700653434 0.6753022926659958 2.6192195012070716 10.1889069543645 11.896313258304504 7.873233459924485 0.17713436485239206 0.6610392339533913 2.61922152391777 10.201050207834063
ptq_acc_list:
10.0 17.5 55.9 80.28 86.05 87.16 87.25 87.27 87.38 87.29 87.32 87.32 87.31 87.32 87.3 10.0 23.75 64.18 66.4 65.77 66.53 58.32 19.99 54.54 68.29 72.88 82.37 83.32 77.04 85.29 86.28 83.07 79.34 86.0 87.05 86.34 83.1 79.9 86.01 87.06 87.01 86.26 81.18
acc_loss_list:
0.8854393401305991 0.7995188452285485 0.3596059113300493 0.08030702256845004 0.014205521823805809 0.0014892885783023217 0.000458242639477675 0.0002291213197389189 -0.0010310459388244838 0.0 -0.00034368197960805275 -0.00034368197960805275 -0.0002291213197387561 -0.00034368197960805275 -0.00011456065986929664 0.8854393401305991 0.727918432810173 0.26474968495818535 0.23931721846717835 0.24653454003895073 0.2378279298888762 0.3318822316416543 0.7709932409210678 0.3751861610722878 0.2176652537518616 0.16508191087180674 0.05636384465574523 0.04548058196815228 0.11742467636613586 0.022912131973880166 0.011570626646809544 0.048344598464887305 0.0910757245961737 0.01477832512315278 0.0027494558368657243 0.010883262687593112 0.048000916485279085 0.08466032764348723 0.01466376446328332 0.002634895176996265 0.0032076984763432367 0.011799747966548299 0.0699965631802039
