title_list:
INT_2 INT_3 INT_4 INT_5 INT_6 INT_7 INT_8 INT_9 INT_10 INT_11 INT_12 INT_13 INT_14 INT_15 INT_16 POT_2 POT_3 POT_4 POT_5 POT_6 POT_7 POT_8 FLOAT_3_E1 FLOAT_4_E1 FLOAT_4_E2 FLOAT_5_E1 FLOAT_5_E2 FLOAT_5_E3 FLOAT_6_E1 FLOAT_6_E2 FLOAT_6_E3 FLOAT_6_E4 FLOAT_7_E1 FLOAT_7_E2 FLOAT_7_E3 FLOAT_7_E4 FLOAT_7_E5 FLOAT_8_E1 FLOAT_8_E2 FLOAT_8_E3 FLOAT_8_E4 FLOAT_8_E5 FLOAT_8_E6
js_flops_list:
10335.410852393428 2702.374876526504 586.8085986640358 136.19783508263313 32.76686433160855 8.108710198358402 2.017359787423094 0.5043751741104074 0.12519450821641712 0.03078375848492338 0.007759517552654125 0.001915080842767542 0.0004650357624047513 0.00010331804808074696 5.051867857804825e-05 10335.404291659883 1639.8833350853 197.21747754065524 195.40539442483635 195.40543311681287 195.40540281991127 195.40546678069262 1301.4075583496397 353.91370485500016 255.05728255399467 161.1495511523927 90.18686133261879 54.04437942140043 108.573018962868 48.961241334358604 14.062757558415433 53.804179496106855 91.04968596750315 35.698608089109584 3.568426481512405 13.974762150284537 53.80416850535668 84.32169873971353 30.648531893335964 0.9205644289947652 3.5162305719167306 13.974779013299235 53.8384368168758
js_param_list:
8185.907782380622 1800.9911591065213 381.9598699018292 87.55210816175092 20.97233721922892 5.157556218764395 1.273967796169326 0.3167936166061732 0.07878698713657759 0.01962915205843054 0.0049230819182810885 0.001218414473634084 0.00029934385592657504 6.540185677536515e-05 1.9836379728102926e-05 8185.911496782605 1085.762959717068 161.20373387464056 160.2127414792563 160.2128133174403 160.21278421049763 160.21274821008095 958.9015917875203 279.7889215111697 174.41461406276403 139.022264040724 61.1200446333161 43.83433305556267 98.6990126657353 32.570105813234655 11.541062350360075 43.70912334388383 84.54385769669656 23.46464257859416 2.916976983569494 11.494558828605104 43.70911423954581 78.86080293161805 20.057860207412013 0.7429960203642413 2.8894343747747815 11.494570441006683 43.722130173425036
ptq_acc_list:
10.0 10.47 69.02 88.3 89.73 89.92 89.99 90.08 90.09 90.08 90.11 90.1 90.11 90.1 90.09 10.0 14.58 73.48 72.92 65.82 72.06 71.49 10.35 50.78 80.42 79.11 87.53 87.77 84.05 89.15 89.39 87.83 84.85 89.4 89.9 89.32 87.61 85.69 89.65 90.18 89.87 89.44 78.02
acc_loss_list:
0.8890122086570477 0.883795782463929 0.2339622641509434 0.01997780244173138 0.0041065482796891276 0.001997780244173059 0.0012208657047724687 0.0002219755826858604 0.00011098779134285134 0.0002219755826858604 -0.00011098779134300907 0.0 -0.00011098779134300907 0.0 0.00011098779134285134 0.8890122086570477 0.8381798002219756 0.1844617092119866 0.19067702552719193 0.26947835738068815 0.20022197558268584 0.2065482796892342 0.8851276359600444 0.4364039955604883 0.10743618201997773 0.1219755826859045 0.02852386237513866 0.025860155382907864 0.0671476137624861 0.01054384017758034 0.007880133185349542 0.025194228634850123 0.05826859045504995 0.007769145394006534 0.0022197558268589193 0.00865704772475029 0.02763596004439506 0.04894561598224192 0.004994450610432726 -0.000887902330743757 0.0025527192008877888 0.007325194228634813 0.13407325194228634
